Q 235.65 298.15 348.15
0.0000 5.7133 6.5016 8.2333
0.0081 5.6969 6.4983 8.2335
0.0162 5.6800 6.4946 8.2331
0.0242 5.6627 6.4904 8.2321
0.0323 5.6451 6.4857 8.2306
0.0404 5.6271 6.4807 8.2285
0.0485 5.6089 6.4752 8.2260
0.0566 5.5903 6.4694 8.2230
0.0646 5.5715 6.4631 8.2195
0.0727 5.5524 6.4566 8.2157
0.0808 5.5332 6.4497 8.2115
0.0889 5.5137 6.4425 8.2069
0.0970 5.4941 6.4351 8.2020
0.1051 5.4744 6.4273 8.1969
0.1131 5.4546 6.4194 8.1915
0.1212 5.4346 6.4112 8.1858
0.1293 5.4146 6.4028 8.1800
0.1374 5.3946 6.3943 8.1740
0.1455 5.3746 6.3856 8.1679
0.1535 5.3545 6.3767 8.1617
0.1616 5.3345 6.3678 8.1553
0.1697 5.3146 6.3588 8.1490
0.1778 5.2948 6.3498 8.1426
0.1859 5.2751 6.3407 8.1362
0.1939 5.2555 6.3316 8.1298
0.2020 5.2360 6.3225 8.1235
0.2101 5.2168 6.3135 8.1173
0.2182 5.1978 6.3046 8.1112
0.2263 5.1790 6.2957 8.1052
0.2343 5.1605 6.2870 8.0994
0.2424 5.1422 6.2784 8.0938
0.2505 5.1243 6.2700 8.0884
0.2586 5.1067 6.2618 8.0833
0.2667 5.0895 6.2538 8.0784
0.2747 5.0726 6.2461 8.0738
0.2828 5.0562 6.2386 8.0696
0.2909 5.0402 6.2315 8.0657
0.2990 5.0246 6.2247 8.0622
0.3071 5.0096 6.2182 8.0591
0.3152 4.9951 6.2121 8.0565
0.3232 4.9810 6.2065 8.0543
0.3313 4.9676 6.2013 8.0526
0.3394 4.9548 6.1965 8.0514
0.3475 4.9425 6.1922 8.0507
0.3556 4.9309 6.1885 8.0506
0.3636 4.9200 6.1853 8.0511
0.3717 4.9097 6.1827 8.0522
0.3798 4.9002 6.1807 8.0540
0.3879 4.8914 6.1793 8.0564
0.3960 4.8833 6.1785 8.0596
0.4040 4.8761 6.1785 8.0634
0.4121 4.8696 6.1791 8.0680
0.4202 4.8640 6.1805 8.0734
0.4283 4.8593 6.1827 8.0796
0.4364 4.8554 6.1856 8.0866
0.4444 4.8525 6.1894 8.0945
0.4525 4.8505 6.1940 8.1032
0.4606 4.8495 6.1994 8.1129
0.4687 4.8494 6.2058 8.1235
0.4768 4.8504 6.2131 8.1350
0.4848 4.8525 6.2213 8.1476
0.4929 4.8556 6.2305 8.1611
0.5010 4.8598 6.2406 8.1757
0.5091 4.8651 6.2519 8.1914
0.5172 4.8715 6.2641 8.2082
0.5253 4.8792 6.2774 8.2261
0.5333 4.8880 6.2918 8.2451
0.5414 4.8980 6.3074 8.2654
0.5495 4.9093 6.3240 8.2868
0.5576 4.9219 6.3419 8.3095
0.5657 4.9358 6.3609 8.3334
0.5737 4.9510 6.3811 8.3587
0.5818 4.9676 6.4026 8.3852
0.5899 4.9855 6.4254 8.4131
0.5980 5.0049 6.4494 8.4424
0.6061 5.0257 6.4747 8.4731
0.6141 5.0479 6.5013 8.5052
0.6222 5.0717 6.5293 8.5388
0.6303 5.0969 6.5587 8.5739
0.6384 5.1237 6.5894 8.6106
0.6465 5.1521 6.6215 8.6487
0.6545 5.1820 6.6551 8.6885
0.6626 5.2136 6.6901 8.7299
0.6707 5.2468 6.7266 8.7729
0.6788 5.2817 6.7646 8.8176
0.6869 5.3183 6.8040 8.8640
0.6949 5.3566 6.8450 8.9122
0.7030 5.3967 6.8875 8.9621
0.7111 5.4385 6.9316 9.0139
0.7192 5.4822 6.9772 9.0674
0.7273 5.5277 7.0244 9.1229
0.7354 5.5751 7.0732 9.1802
0.7434 5.6243 7.1237 9.2395
0.7515 5.6755 7.1757 9.3008
0.7596 5.7286 7.2294 9.3640
0.7677 5.7837 7.2848 9.4293
0.7758 5.8408 7.3418 9.4966
0.7838 5.8999 7.4004 9.5661
0.7919 5.9611 7.4608 9.6377
0.8000 6.0244 7.5229 9.7115
