Q	1	11	25	44	55	66	77	error
0.15	8.287	8.651	6.299	6.219	5.813	6.067	6.866	0.582
0.2	8.169	7.357	6.657	6.693	6.703	6.646	7.433	0.64
0.25	7.854	6.92	6.471	6.997	6.428	6.897	7.514	0.752
0.3	7.88	7.036	6.434	7.036	6.967	7.133	7.351	0.798
0.35	7.274	6.353	6.13	6.513	6.259	6.737	6.835	0.651
0.4	7.889	6.644	6.119	6.338	6.461	6.124	6.767	0.744
0.45	7.409	6.659	6.175	6.953	6.99	6.535	7.018	0.709
0.5	6.734	6.351	6.005	6.717	6.589	6.744	7.181	0.649
0.55	6.454	6.29	6.192	6.545	6.842	7.264	7.286	0.584
0.6	6.269	5.985	6.209	6.872	7.013	7.285	7.351	0.58
0.65	6.173	5.977	6.351	6.71	6.883	7.147	7.328	0.555
0.7	5.981	5.846	6.412	7.042	6.989	7.321	7.763	0.562
0.75	5.822	5.821	6.584	7.002	7.27	7.156	7.665	0.552
0.8	5.728	5.949	6.689	7.653	7.126	7.44	8.046	0.529
0.85	5.178	5.63	6.839	7.509	7.714	7.981	8.286	0.493
0.9	5.302	5.954	7.294	7.995	8.091	8.105	8.66	0.501
0.95	5.66	6.346	7.761	8.239	8.432	8.791	8.993	0.461
1	5.827	6.617	8.108	8.753	8.671	9.295	9.294	0.405
1.05	6.586	7.446	8.429	9.13	9.281	9.669	9.749	0.385
1.1	7.481	8.204	9.017	9.804	9.956	10.022	10.449	0.364
1.15	8.483	9.059	9.843	10.356	10.615	10.933	11.203	0.339
1.2	9.498	10.318	10.852	11.478	11.758	11.996	12.264	0.323
1.25	10.985	11.4	11.87	12.436	12.554	12.994	13.218	0.304
1.3	12.61	13.068	13.297	13.595	14.051	14.172	14.287	0.285
1.35	14.588	14.993	14.836	15.156	15.389	15.675	15.87	0.282
1.4	16.878	16.866	16.796	17.183	17.198	17.412	17.534	0.249
1.45	19.314	19.295	18.903	19.037	19.123	19.305	19.42	0.23
1.5	22.836	22.434	21.858	21.921	21.731	22.112	21.946	0.219
1.55	26.71	25.89	25.099	24.744	24.567	24.675	24.433	0.213
1.6	31.494	30.304	28.912	27.987	27.713	27.917	27.479	0.264
1.65	36.4	34.792	32.663	31.663	31.251	31.443	30.797	0.334
1.7	42.234	39.917	37.2	35.835	35.165	35.168	34.351	0.493
1.75	47.566	45.553	41.93	40.218	39.445	39.339	38.17	0.612
1.8	53.388	50.491	47.09	44.454	43.922	43.685	42.333	0.749
1.85	57.8	54.883	51.012	48.746	47.617	47.327	45.721	0.855
1.9	60.664	57.911	54.805	52.441	51.42	51.158	49.236	0.941
1.95	62.012	59.693	57.257	55.318	54.419	54.166	52.212	0.994
2	61.832	60.289	58.594	57.205	56.542	56.386	54.528	1.011
2.05	60.3	59.449	58.492	57.535	57.089	57.322	55.602	0.984
2.1	57.959	57.482	57.681	57.155	56.93	57.288	56.259	0.946
2.15	55.217	55.205	55.786	55.733	55.779	56.549	55.637	0.892
2.2	52.371	52.296	53.749	54.063	54.369	55.369	54.746	0.838
2.25	49.485	49.96	51.286	51.984	52.569	53.878	53.326	0.784
2.3	47.149	47.482	49.246	50.097	50.655	51.993	51.97	0.735
2.35	44.919	45.53	47.163	48.017	48.863	50.002	50.054	0.701
2.4	43.135	43.683	45.417	46.216	47.223	48.227	48.546	0.667
2.45	42.012	42.107	43.67	44.792	45.478	46.591	46.784	0.645
2.5	41.073	41.084	42.421	43.408	43.976	45.125	45.243	0.635
2.55	40.353	40.336	41.658	42.47	42.925	44.132	44.196	0.628
2.6	40.136	39.945	40.847	41.735	41.994	42.868	42.921	0.634
2.65	40.105	39.632	40.233	40.776	41.091	41.861	41.677	0.638
2.7	40.366	39.559	39.902	40.282	40.452	41.144	40.692	0.656
2.75	40.581	39.681	39.49	39.701	39.682	40.046	39.726	0.664
2.8	40.784	39.791	39.31	39.186	39.026	39.106	38.469	0.67
2.85	41.083	39.581	38.847	38.209	38.032	38.096	37.165	0.673
2.9	40.884	39.124	38.143	37.368	36.748	36.778	35.674	0.662
2.95	40.073	38.209	37.062	36.133	35.441	35.355	34.156	0.629
3	38.941	36.79	35.392	34.262	33.642	33.289	32.145	0.589
3.05	36.843	34.703	33.377	32.379	31.704	31.43	30.108	0.513
3.1	34.313	32.375	31.303	30.202	29.539	29.135	27.989	0.451
3.15	31.471	29.755	28.831	28.115	27.273	27.106	26.131	0.378
3.2	28.424	27.09	26.483	25.899	25.29	25.061	24.167	0.255
3.25	25.531	24.322	24.064	23.642	23.429	22.937	22.262	0.214
3.3	22.987	21.928	21.76	21.684	21.422	21.227	20.684	0.182
3.35	20.662	19.931	19.987	19.846	19.57	19.63	19.171	0.163
3.4	18.742	18.23	18.376	18.407	18.268	18.367	17.983	0.152
3.45	17.242	16.844	17.133	17.265	17.13	17.238	17.031	0.143
3.5	15.996	15.685	16.013	16.161	15.996	16.291	16.021	0.135
3.55	15.002	14.788	15.054	15.302	15.254	15.362	15.281	0.129
3.6	14.271	14.006	14.414	14.64	14.649	14.807	14.752	0.123
3.65	13.637	13.44	13.867	14.122	14.111	14.347	14.245	0.119
3.7	13.252	13.119	13.485	13.64	13.719	13.962	13.876	0.115
3.75	12.969	12.79	13.153	13.419	13.481	13.661	13.601	0.112
3.8	12.773	12.622	13.011	13.224	13.26	13.452	13.404	0.111
3.85	12.563	12.377	12.833	13.047	13.11	13.314	13.233	0.108
3.9	12.521	12.63	12.714	12.955	12.889	13.144	13.111	0.107
3.95	12.441	12.31	12.591	12.79	12.841	13.136	13.029	0.104
4	12.43	12.309	12.582	12.828	12.778	13.057	12.921	0.104
4.05	12.499	12.305	12.635	12.765	12.792	13.048	12.942	0.104
4.1	12.515	12.327	12.436	12.52	12.538	12.705	12.747	0.104
4.15	12.505	12.36	12.553	12.713	12.762	12.9	12.907	0.103
4.2	12.606	12.394	12.775	12.732	12.772	12.926	12.807	0.103
4.25	12.553	12.408	12.512	12.683	12.686	12.813	12.799	0.104
4.3	12.513	12.353	12.49	12.594	12.609	12.774	12.674	0.102
4.35	12.562	12.337	12.471	12.607	12.638	12.765	12.646	0.104
4.4	12.518	12.301	12.431	12.538	12.443	12.672	12.522	0.107
4.45	12.381	12.207	12.315	12.359	12.331	12.49	12.38	0.103
4.5	12.344	12.19	12.198	12.248	12.266	12.4	12.257	0.102
4.55	12.25	12.071	12.047	12.164	12.103	12.179	12.111	0.102
4.6	12.139	11.871	11.901	11.888	11.906	12.077	11.906	0.102
4.65	11.925	11.727	11.724	11.747	11.732	11.98	11.709	0.102
4.7	11.791	11.517	11.524	11.64	11.503	11.653	11.435	0.103
4.75	11.618	11.388	11.326	11.403	11.319	11.423	11.309	0.104
4.8	11.425	11.159	11.131	11.144	11.07	11.131	10.94	0.102
4.85	11.574	11.184	11.09	10.89	10.81	10.909	10.712	0.106
4.9	10.98	10.782	10.654	10.659	10.572	10.681	10.5	0.103
4.95	10.69	10.505	10.442	10.462	10.328	10.405	10.22	0.102
5	10.317	10.138	10.025	10.081	10.026	10.041	9.882	0.101
5.05	10.065	9.896	9.806	9.777	9.739	9.746	9.674	0.102
5.1	9.642	9.601	9.441	9.454	9.357	9.504	9.239	0.167
5.15	9.32	9.254	9.171	9.146	9.083	9.178	9.005	0.178
5.2	8.932	9.095	8.878	9.014	8.959	8.975	8.861	0.173
5.25	8.616	8.531	8.597	8.728	8.598	8.732	8.528	0.176
5.3	8.32	8.232	8.28	8.42	8.367	8.365	8.227	0.171
5.35	7.896	7.92	7.989	8.184	8.031	8.109	7.913	0.169
5.4	7.681	7.681	7.687	7.832	7.793	7.843	7.692	0.166
5.45	7.328	7.35	7.435	7.56	7.544	7.582	7.415	0.165
5.5	7.145	7.077	7.26	7.335	7.248	7.422	7.219	0.164
5.55	6.802	6.78	6.899	7.035	6.997	7.118	6.977	0.16
5.6	6.561	6.623	6.681	6.871	6.864	6.841	6.777	0.159
5.65	6.369	6.392	6.451	6.651	6.529	6.561	6.559	0.156
5.7	6.148	6.175	6.277	6.458	6.305	6.468	6.391	0.152
5.75	5.927	5.902	6.088	6.286	6.167	6.299	6.256	0.145
5.8	5.851	5.848	5.937	6.139	6.067	6.219	6.054	0.145
5.85	5.621	5.546	5.741	6.017	5.94	6	5.9	0.137
5.9	5.492	5.426	5.588	5.836	5.728	5.856	5.841	0.135
5.95	5.389	5.37	5.513	5.719	5.612	5.723	5.697	0.13
6	5.174	5.233	5.366	5.605	5.56	5.647	5.608	0.128
6.05	5.134	5.182	5.314	5.557	5.428	5.519	5.475	0.119
6.1	5.114	5.058	5.228	5.449	5.394	5.39	5.429	0.121
6.15	5.103	5.019	5.168	5.353	5.287	5.412	5.374	0.115
6.2	4.933	4.965	5.033	5.286	5.233	5.318	5.276	0.108
6.25	4.959	4.924	5.066	5.265	5.183	5.365	5.255	0.108
6.3	4.916	4.855	4.966	5.175	5.046	5.267	5.176	0.106
6.35	4.9	4.875	4.968	5.145	5.102	5.179	5.192	0.106
6.4	4.821	4.832	4.942	5.117	5.066	5.181	5.126	0.101
6.45	4.768	5.005	4.875	5.082	5.015	5.135	5.07	0.097
6.5	4.755	4.752	4.819	4.997	4.979	5.024	4.993	0.088
6.55	4.729	4.686	4.89	4.956	4.964	5.053	4.992	0.086
6.6	4.654	4.746	4.796	4.994	4.903	5.008	4.912	0.082
6.65	4.686	4.726	4.765	4.773	4.796	4.906	4.877	0.082
6.7	4.646	4.705	4.725	4.805	4.789	4.859	4.833	0.054
6.75	4.688	4.717	4.717	4.756	4.747	4.822	4.757	0.055
6.8	4.655	4.689	4.693	4.739	4.771	4.669	4.772	0.065
6.85	4.576	4.635	4.638	4.728	4.692	4.63	4.718	0.053
6.9	4.516	4.573	4.546	4.607	4.683	4.607	4.614	0.053
6.95	4.502	4.599	4.533	4.608	4.563	4.514	4.58	0.05
7	4.473	4.523	4.477	4.583	4.518	4.442	4.525	0.051
7.05	4.44	4.48	4.445	4.512	4.462	4.398	4.491	0.052
7.1	4.377	4.423	4.384	4.452	4.4	4.335	4.39	0.049
7.15	4.298	4.34	4.306	4.344	4.297	4.207	4.319	0.049
7.2	4.243	4.289	4.285	4.296	4.316	4.18	4.275	0.049
7.25	4.198	4.209	4.199	4.286	4.188	4.118	4.208	0.047
7.3	4.134	4.152	4.145	4.189	4.148	4.079	4.157	0.049
7.35	4.103	4.089	4.075	4.149	4.059	4.004	4.056	0.046
7.4	4.01	4.046	4.016	4.006	4.013	3.963	4.001	0.045
7.45	4.057	3.941	3.939	4.015	3.971	3.884	3.926	0.046
7.5	3.899	3.928	3.891	3.958	3.889	3.818	3.905	0.045
7.55	3.824	3.863	3.823	3.868	3.828	3.83	3.877	0.044
7.6	3.768	3.814	3.789	3.807	3.776	3.726	3.799	0.045
7.65	3.69	3.899	3.684	3.751	3.735	3.644	3.74	0.043
7.7	3.616	3.684	3.637	3.672	3.671	3.604	3.688	0.043
7.75	3.592	3.61	3.617	3.673	3.632	3.539	3.676	0.043
7.8	3.484	3.537	3.509	3.58	3.555	3.465	3.597	0.041
7.85	3.391	3.456	3.479	3.515	3.543	3.458	3.526	0.04
7.9	3.327	3.383	3.36	3.415	3.442	3.337	3.473	0.053
7.95	3.264	3.357	3.335	3.393	3.386	3.323	3.406	0.052
8	3.236	3.302	3.299	3.4	3.365	3.408	3.38	0.052
8.05	3.206	3.246	3.273	3.348	3.309	3.356	3.337	0.053
8.1	3.09	3.272	3.187	3.22	3.208	3.257	3.237	0.05
8.15	3.019	3.123	3.136	3.27	3.18	3.27	3.243	0.049
8.2	3.067	3.091	3.125	3.192	3.188	3.204	3.222	0.048
8.25	3.033	3.063	3.072	3.116	3.089	3.203	3.158	0.049
8.3	3.027	3.042	3.027	3.148	3.098	3.176	3.127	0.049
8.35	2.975	3.044	3.002	3.104	3.131	3.108	3.134	0.049
8.4	2.939	3.01	3.025	3.034	3.076	3.077	3.028	0.049
8.45	2.876	2.93	3.016	3.041	3.057	3.084	3.098	0.049
8.5	2.87	2.925	3.015	3.038	3.007	2.952	3.033	0.048
8.55	2.818	2.883	2.914	2.978	2.985	3.021	3.026	0.05
8.6	2.83	2.947	2.942	2.998	2.99	3.013	2.994	0.047
8.65	2.815	2.914	2.929	2.948	2.962	3.016	2.994	0.048
8.7	2.881	2.873	2.951	2.994	2.904	2.993	2.978	0.048
8.75	2.848	2.904	2.927	2.974	2.97	3.006	2.983	0.047
8.8	2.818	2.917	2.901	2.982	2.944	2.996	2.96	0.046
8.85	2.842	2.92	2.894	2.942	2.93	2.938	2.923	0.045
8.9	2.81	2.875	2.898	2.94	2.884	2.927	2.934	0.044
8.95	2.876	2.892	2.885	2.908	2.898	2.924	2.91	0.046
9	2.847	2.887	2.896	2.919	2.931	2.94	2.933	0.043
9.05	2.77	3.01	2.861	2.935	2.897	2.9	2.892	0.042
9.1	2.822	2.894	2.885	2.885	2.881	2.866	2.893	0.042
9.15	2.822	2.816	2.823	2.935	2.847	2.873	2.919	0.042
9.2	2.817	2.828	2.853	2.84	2.819	2.825	2.871	0.041
9.25	2.824	2.857	2.841	2.868	2.817	2.883	2.874	0.042
9.3	2.802	2.825	2.78	2.825	2.755	2.821	2.843	0.04
9.35	2.731	2.767	2.8	2.789	2.731	2.838	2.789	0.04
9.4	2.862	2.781	2.79	2.792	2.756	2.798	2.771	0.041
9.45	2.737	2.78	2.751	2.745	2.712	2.775	2.746	0.039
9.5	2.722	2.747	2.748	2.765	2.727	2.806	2.722	0.04
9.55	2.717	2.73	2.705	2.678	2.686	2.692	2.749	0.038
9.6	2.62	2.698	2.661	2.68	2.678	2.696	2.744	0.038
9.65	2.69	2.667	2.664	2.64	2.577	2.601	2.6	0.039
9.7	2.604	2.649	2.636	2.591	2.615	2.614	2.646	0.038
9.75	2.6	2.648	2.652	2.587	2.557	2.551	2.598	0.034
9.8	2.552	2.578	2.556	2.52	2.497	2.53	2.562	0.038
9.85	2.83	2.841	2.826	2.524	2.508	2.507	2.515	0.043
9.9	2.5	2.58	2.527	2.441	2.471	2.438	2.483	0.038
9.95	2.487	2.535	2.528	2.476	2.441	2.426	2.484	0.037
10	2.472	2.473	2.462	2.408	2.412	2.452	2.423	0.039
10.05	2.451	2.47	2.468	2.446	2.392	2.411	2.467	0.038
10.1	2.395	2.447	2.431	2.454	2.329	2.339	2.401	0.037
10.15	2.347	2.424	2.384	2.354	2.418	2.324	2.391	0.037
10.2	2.373	2.392	2.379	2.344	2.321	2.275	2.389	0.037
10.25	2.315	2.376	2.343	2.285	2.25	2.265	2.317	0.038
10.3	2.349	2.346	2.356	2.229	2.227	2.225	2.334	0.038
10.35	2.327	2.313	2.329	2.23	2.226	2.219	2.283	0.038
10.4	2.283	2.32	2.31	2.19	2.185	2.196	2.271	0.037
10.45	2.289	2.302	2.311	2.209	2.1	2.134	2.277	0.038
10.5	2.24	2.245	2.276	2.184	2.079	2.132	2.201	0.038
10.55	2.219	2.289	2.254	2.152	2.051	2.127	2.23	0.037
10.6	2.26	2.334	2.274	2.097	2.06	2.064	2.205	0.043
10.65	2.189	2.283	2.242	2.135	2.049	2.06	2.155	0.037
10.7	2.089	2.181	2.182	2.004	1.947	1.972	2.056	0.034
10.75	2.186	2.252	2.21	2.036	1.992	2.018	2.146	0.035
10.8	2.172	2.272	2.196	1.983	1.931	1.975	2.116	0.034