Q 1 11 25 44 55 66 77
0.0000 6.1990 6.3251 6.5019 7.1600 7.5410 7.9219 5.7133
0.0101 6.1894 6.3179 6.4978 7.1576 7.5398 7.9219 5.6932
0.0201 6.1786 6.3095 6.4930 7.1544 7.5375 7.9206 5.6721
0.0302 6.1666 6.3002 6.4875 7.1503 7.5342 7.9180 5.6504
0.0402 6.1537 6.2900 6.4815 7.1455 7.5299 7.9143 5.6281
0.0503 6.1399 6.2791 6.4747 7.1399 7.5247 7.9097 5.6052
0.0603 6.1253 6.2673 6.4672 7.1335 7.5187 7.9042 5.5817
0.0704 6.1101 6.2550 6.4592 7.1265 7.5120 7.8980 5.5577
0.0804 6.0945 6.2423 6.4506 7.1190 7.5049 7.8913 5.5334
0.0905 6.0785 6.2291 6.4415 7.1109 7.4972 7.8840 5.5087
0.1005 6.0622 6.2156 6.4320 7.1024 7.4891 7.8765 5.4838
0.1106 6.0457 6.2017 6.4219 7.0935 7.4807 7.8686 5.4585
0.1206 6.0291 6.1878 6.4115 7.0842 7.4720 7.8606 5.4331
0.1307 6.0125 6.1737 6.4008 7.0747 7.4632 7.8524 5.4078
0.1407 5.9960 6.1596 6.3899 7.0650 7.4544 7.8443 5.3824
0.1508 5.9795 6.1455 6.3786 7.0551 7.4454 7.8362 5.3570
0.1608 5.9634 6.1315 6.3672 7.0452 7.4365 7.8282 5.3317
0.1709 5.9475 6.1176 6.3558 7.0353 7.4278 7.8205 5.3067
0.1809 5.9320 6.1041 6.3444 7.0254 7.4192 7.8129 5.2820
0.1910 5.9168 6.0906 6.3329 7.0156 7.4107 7.8056 5.2575
0.2010 5.9019 6.0775 6.3215 7.0059 7.4025 7.7986 5.2334
0.2111 5.8877 6.0648 6.3103 6.9965 7.3946 7.7920 5.2098
0.2211 5.8739 6.0524 6.2993 6.9873 7.3871 7.7857 5.1867
0.2312 5.8605 6.0404 6.2886 6.9784 7.3798 7.7798 5.1641
0.2412 5.8476 6.0289 6.2781 6.9699 7.3730 7.7744 5.1421
0.2513 5.8354 6.0178 6.2681 6.9618 7.3666 7.7693 5.1208
0.2613 5.8236 6.0072 6.2585 6.9541 7.3606 7.7647 5.1001
0.2714 5.8124 5.9970 6.2493 6.9469 7.3550 7.7605 5.0801
0.2814 5.8016 5.9873 6.2406 6.9401 7.3498 7.7568 5.0609
0.2915 5.7914 5.9780 6.2325 6.9339 7.3451 7.7534 5.0424
0.3015 5.7817 5.9693 6.2250 6.9283 7.3409 7.7505 5.0248
0.3116 5.7724 5.9610 6.2181 6.9232 7.3371 7.7480 5.0079
0.3216 5.7635 5.9531 6.2118 6.9186 7.3338 7.7458 4.9918
0.3317 5.7549 5.9457 6.2062 6.9147 7.3309 7.7440 4.9766
0.3417 5.7468 5.9387 6.2013 6.9114 7.3284 7.7425 4.9622
0.3518 5.7389 5.9320 6.1971 6.9087 7.3264 7.7412 4.9487
0.3618 5.7312 5.9257 6.1936 6.9066 7.3247 7.7402 4.9359
0.3719 5.7236 5.9197 6.1908 6.9052 7.3233 7.7395 4.9239
0.3819 5.7162 5.9139 6.1888 6.9043 7.3224 7.7389 4.9128
0.3920 5.7088 5.9084 6.1875 6.9040 7.3217 7.7384 4.9024
0.4020 5.7013 5.9030 6.1869 6.9043 7.3212 7.7380 4.8928
0.4121 5.6937 5.8977 6.1870 6.9052 7.3210 7.7376 4.8838
0.4221 5.6860 5.8924 6.1878 6.9066 7.3210 7.7372 4.8755
0.4322 5.6779 5.8872 6.1893 6.9085 7.3211 7.7367 4.8679
0.4422 5.6695 5.8819 6.1915 6.9108 7.3214 7.7361 4.8608
0.4523 5.6606 5.8764 6.1942 6.9136 7.3216 7.7353 4.8543
0.4623 5.6511 5.8708 6.1976 6.9169 7.3219 7.7342 4.8482
0.4724 5.6410 5.8649 6.2015 6.9204 7.3221 7.7328 4.8426
0.4824 5.6301 5.8586 6.2059 6.9243 7.3222 7.7310 4.8373
0.4925 5.6184 5.8519 6.2108 6.9285 7.3222 7.7288 4.8322
0.5025 5.6079 5.8465 6.2166 6.9338 7.3236 7.7282 4.8281
0.5126 5.5972 5.8412 6.2231 6.9397 7.3253 7.7277 4.8246
0.5226 5.5864 5.8362 6.2303 6.9463 7.3275 7.7276 4.8216
0.5327 5.5756 5.8313 6.2382 6.9534 7.3300 7.7277 4.8192
0.5427 5.5646 5.8266 6.2468 6.9612 7.3330 7.7281 4.8174
0.5528 5.5535 5.8222 6.2561 6.9696 7.3364 7.7288 4.8161
0.5628 5.5424 5.8180 6.2662 6.9787 7.3403 7.7299 4.8155
0.5729 5.5313 5.8141 6.2769 6.9884 7.3447 7.7313 4.8154
0.5829 5.5203 5.8105 6.2884 6.9988 7.3497 7.7333 4.8160
0.5930 5.5092 5.8073 6.3006 7.0100 7.3552 7.7356 4.8172
0.6030 5.4983 5.8044 6.3135 7.0218 7.3613 7.7385 4.8190
0.6131 5.4875 5.8020 6.3272 7.0344 7.3681 7.7420 4.8215
0.6231 5.4769 5.8000 6.3417 7.0478 7.3755 7.7460 4.8246
0.6332 5.4665 5.7986 6.3570 7.0619 7.3837 7.7507 4.8284
0.6432 5.4564 5.7977 6.3731 7.0769 7.3926 7.7561 4.8330
0.6533 5.4467 5.7974 6.3900 7.0927 7.4022 7.7623 4.8384
0.6633 5.4374 5.7977 6.4078 7.1094 7.4128 7.7693 4.8445
0.6734 5.4285 5.7988 6.4265 7.1270 7.4242 7.7771 4.8514
0.6834 5.4203 5.8007 6.4461 7.1456 7.4365 7.7858 4.8593
0.6935 5.4126 5.8034 6.4666 7.1651 7.4499 7.7956 4.8680
0.7035 5.4057 5.8070 6.4882 7.1856 7.4642 7.8064 4.8778
0.7136 5.3995 5.8116 6.5107 7.2072 7.4797 7.8183 4.8885
0.7236 5.3943 5.8172 6.5343 7.2299 7.4964 7.8314 4.9003
0.7337 5.3900 5.8241 6.5590 7.2538 7.5142 7.8457 4.9133
0.7437 5.3868 5.8321 6.5849 7.2789 7.5334 7.8614 4.9275
0.7538 5.3848 5.8415 6.6120 7.3052 7.5539 7.8785 4.9430
0.7638 5.3841 5.8522 6.6403 7.3329 7.5759 7.8971 4.9599
0.7739 5.3848 5.8645 6.6699 7.3619 7.5993 7.9172 4.9782
0.7839 5.3871 5.8784 6.7009 7.3923 7.6244 7.9390 4.9981
0.7940 5.3910 5.8940 6.7334 7.4243 7.6511 7.9626 5.0196
0.8040 5.3968 5.9115 6.7674 7.4579 7.6795 7.9880 5.0428
0.8141 5.4044 5.9309 6.8029 7.4931 7.7097 8.0153 5.0679
0.8241 5.4142 5.9524 6.8401 7.5300 7.7419 8.0447 5.0950
0.8342 5.4262 5.9760 6.8791 7.5687 7.7761 8.0761 5.1241
0.8442 5.4406 6.0021 6.9199 7.6093 7.8124 8.1098 5.1554
0.8543 5.4575 6.0305 6.9627 7.6519 7.8509 8.1459 5.1891
0.8643 5.4771 6.0616 7.0074 7.6966 7.8917 8.1844 5.2252
0.8744 5.4997 6.0954 7.0543 7.7435 7.9348 8.2254 5.2640
0.8844 5.5253 6.1322 7.1034 7.7926 7.9806 8.2691 5.3055
0.8945 5.5542 6.1720 7.1549 7.8441 8.0289 8.3155 5.3500
0.9045 5.5865 6.2150 7.2089 7.8981 8.0800 8.3649 5.3976
0.9146 5.6225 6.2614 7.2654 7.9547 8.1339 8.4173 5.4484
0.9246 5.6623 6.3115 7.3247 8.0140 8.1908 8.4728 5.5028
0.9347 5.7062 6.3652 7.3868 8.0762 8.2509 8.5316 5.5607
0.9447 5.7545 6.4229 7.4519 8.1413 8.3141 8.5938 5.6225
0.9548 5.8072 6.4848 7.5202 8.2096 8.3808 8.6596 5.6883
0.9648 5.8647 6.5509 7.5918 8.2811 8.4509 8.7290 5.7585
0.9749 5.9272 6.6216 7.6668 8.3560 8.5247 8.8023 5.8331
0.9849 5.9949 6.6971 7.7455 8.4344 8.6023 8.8795 5.9124
0.9950 6.0681 6.7775 7.8279 8.5165 8.6839 8.9608 5.9966
1.0050 6.1471 6.8631 7.9143 8.6025 8.7696 9.0465 6.0861
1.0151 6.2323 6.9535 8.0051 8.6923 8.8587 9.1356 6.1823
1.0251 6.3241 7.0500 8.1003 8.7865 8.9526 9.2296 6.2840
1.0352 6.4223 7.1526 8.1998 8.8851 9.0511 9.3284 6.3913
1.0452 6.5268 7.2610 8.3036 8.9879 9.1540 9.4317 6.5040
1.0553 6.6391 7.3767 8.4128 9.0959 9.2626 9.5410 6.6236
1.0653 6.7599 7.5002 8.5280 9.2096 9.3774 9.6568 6.7508
1.0754 6.8878 7.6302 8.6480 9.3280 9.4973 9.7778 6.8843
1.0854 7.0226 7.7666 8.7729 9.4509 9.6221 9.9039 7.0239
1.0955 7.1640 7.9091 8.9024 9.5783 9.7516 10.0348 7.1694
1.1055 7.3169 8.0616 9.0402 9.7135 9.8889 10.1735 7.3258
1.1156 7.4817 8.2243 9.1866 9.8567 10.0343 10.3201 7.4933
1.1256 7.6541 8.3939 9.3386 10.0050 10.1849 10.4721 7.6679
1.1357 7.8340 8.5702 9.4958 10.1584 10.3406 10.6291 7.8494
1.1457 8.0210 8.7527 9.6582 10.3164 10.5012 10.7910 8.0374
1.1558 8.2234 8.9492 9.8319 10.4841 10.6716 10.9630 8.2404
1.1658 8.4403 9.1585 10.0161 10.6606 10.8510 11.1444 8.4574
1.1759 8.6651 9.3749 10.2062 10.8422 11.0357 11.3310 8.6820
1.1859 8.8974 9.5980 10.4018 11.0288 11.2254 11.5225 8.9138
1.1960 9.1367 9.8275 10.6026 11.2199 11.4196 11.7187 9.1522
1.2060 9.3997 10.0750 10.8194 11.4259 11.6272 11.9285 9.4141
1.2161 9.6823 10.3376 11.0495 11.6444 11.8460 12.1497 9.6955
1.2261 9.9733 10.6071 11.2856 11.8683 12.0699 12.3760 9.9849
1.2362 10.2719 10.8830 11.5272 12.0971 12.2985 12.6071 10.2820
1.2462 10.5776 11.1648 11.7740 12.3304 12.5313 12.8424 10.5861
1.2563 10.9131 11.4747 12.0420 12.5836 12.7830 13.0940 10.9199
1.2663 11.2706 11.8053 12.3259 12.8514 13.0487 13.3578 11.2758
1.2764 11.6362 12.1428 12.6156 13.1245 13.3192 13.6261 11.6397
1.2864 12.0090 12.4866 12.9105 13.4024 13.5941 13.8985 12.0109
1.2965 12.3882 12.8359 13.2101 13.6844 13.8729 14.1745 12.3887
1.3065 12.8119 13.2239 13.5435 13.9961 14.1776 14.4773 12.8111
1.3166 13.2646 13.6371 13.8990 14.3272 14.4993 14.7975 13.2626
1.3266 13.7251 14.0569 14.2603 14.6634 14.8254 15.1220 13.7221
1.3367 14.1924 14.4827 14.6267 15.0041 15.1555 15.4504 14.1886
1.3467 14.6656 14.9134 14.9975 15.3486 15.4888 15.7819 14.6611
1.3568 15.1929 15.3922 15.4084 15.7277 15.8571 16.1465 15.1881
1.3668 15.7513 15.8985 15.8423 16.1264 16.2451 16.5299 15.7463
1.3769 16.3164 16.4106 16.2813 16.5295 16.6371 16.9171 16.3114
1.3869 16.8870 16.9275 16.7243 16.9362 17.0325 17.3075 16.8822
1.3970 17.4620 17.4482 17.1706 17.3456 17.4303 17.7002 17.4576
1.4070 18.1036 18.0294 17.6717 17.8029 17.8720 18.1328 18.0997
1.4171 18.7781 18.6403 18.1998 18.2838 18.3352 18.5849 18.7748
1.4271 19.4574 19.2556 18.7318 18.7679 18.8015 19.0399 19.4549
1.4372 20.1402 19.8740 19.2666 19.2545 19.2700 19.4969 20.1384
1.4472 20.8249 20.4943 19.8030 19.7425 19.7399 19.9551 20.8239
1.4573 21.5803 21.1783 20.4012 20.2836 20.2606 20.4650 21.5800
1.4673 22.3650 21.8887 21.0251 20.8469 20.8024 20.9965 22.3652
1.4774 23.1511 22.6007 21.6506 21.4116 21.3459 21.5297 23.1516
1.4874 23.9369 23.3126 22.2763 21.9765 21.8898 22.0635 23.9374
1.4975 24.7208 24.0231 22.9009 22.5404 22.4332 22.5971 24.7208
1.5075 25.5667 24.7940 23.5896 23.1676 23.0340 23.1880 25.5667
1.5176 26.4331 25.5850 24.2995 23.8159 23.6540 23.7982 26.4331
1.5276 27.2994 26.3760 25.0095 24.4642 24.2739 24.4085 27.2994
1.5377 28.1658 27.1670 25.7194 25.1125 24.8939 25.0187 28.1658
1.5477 29.0321 27.9580 26.4294 25.7608 25.5139 25.6289 29.0321
1.5578 29.9421 28.7988 27.1868 26.4583 26.1845 26.2888 29.9421
1.5678 30.8648 29.6542 27.9580 27.1701 26.8696 26.9631 30.8648
1.5779 31.7874 30.5096 28.7293 27.8820 27.5548 27.6374 31.7874
1.5879 32.7101 31.3649 29.5005 28.5938 28.2400 28.3117 32.7101
1.5980 33.6327 32.2203 30.2717 29.3056 28.9252 28.9860 33.6327
1.6080 34.5702 33.0963 31.0770 30.0567 29.6499 29.6944 34.5702
1.6181 35.5114 33.9775 31.8908 30.8176 30.3844 30.4113 35.5114
1.6281 36.4527 34.8587 32.7046 31.5784 31.1189 31.1283 36.4527
1.6382 37.3939 35.7399 33.5184 32.3393 31.8535 31.8453 37.3939
1.6482 38.3351 36.6210 34.3322 33.1002 32.5880 32.5622 38.3351
1.6583 39.2578 37.4967 35.1532 33.8728 33.3378 33.2994 39.2578
1.6683 40.1767 38.3712 35.9758 34.6480 34.0909 34.0409 40.1767
1.6784 41.0955 39.2458 36.7983 35.4231 34.8440 34.7823 41.0955
1.6884 42.0143 40.1203 37.6208 36.1983 35.5971 35.5238 42.0143
1.6985 42.9331 40.9948 38.4434 36.9734 36.3501 36.2653 42.9331
1.7085 43.7981 41.8282 39.2486 37.7424 37.1013 37.0065 43.7981
1.7186 44.6536 42.6543 40.0507 38.5104 37.8522 37.7476 44.6536
1.7286 45.5091 43.4805 40.8529 39.2783 38.6031 38.4888 45.5091
1.7387 46.3646 44.3066 41.6551 40.0462 39.3539 39.2300 46.3646
1.7487 47.2202 45.1328 42.4572 40.8142 40.1048 39.9711 47.2202
1.7588 47.9881 45.8859 43.2055 41.5422 40.8219 40.6882 47.9881
1.7688 48.7435 46.6286 43.9461 42.2646 41.5342 41.4019 48.7435
1.7789 49.4989 47.3713 44.6867 42.9870 42.2465 42.1155 49.4989
1.7889 50.2543 48.1140 45.4273 43.7093 42.9588 42.8292 50.2543
1.7990 51.0097 48.8566 46.1679 44.4317 43.6710 43.5428 51.0097
1.8090 51.6496 49.4985 46.8318 45.0903 44.3293 44.2071 51.6496
1.8191 52.2766 50.1291 47.4871 45.7417 44.9816 44.8660 52.2766
1.8291 52.9036 50.7597 48.1424 46.3932 45.6339 45.5248 52.9036
1.8392 53.5306 51.3903 48.7977 47.0446 46.2862 46.1836 53.5306
1.8492 54.1576 52.0209 49.4531 47.6961 46.9385 46.8425 54.1576
1.8593 54.6437 52.5295 50.0031 48.2590 47.5081 47.4268 54.6437
1.8693 55.1182 53.0282 50.5447 48.8147 48.0709 48.0052 55.1182
1.8794 55.5928 53.5269 51.0862 49.3704 48.6337 48.5835 55.5928
1.8894 56.0674 54.0256 51.6277 49.9261 49.1965 49.1619 56.0674
1.8995 56.5420 54.5243 52.1692 50.4819 49.7593 49.7402 56.5420
1.9095 56.8536 54.8765 52.5895 50.9297 50.2245 50.2225 56.8536
1.9196 57.1565 55.2210 53.0033 51.3718 50.6845 50.6998 57.1565
1.9296 57.4595 55.5656 53.4171 51.8140 51.1446 51.1770 57.4595
1.9397 57.7625 55.9101 53.8310 52.2561 51.6046 51.6543 57.7625
1.9497 58.0655 56.2546 54.2448 52.6983 52.0647 52.1315 58.0655
1.9598 58.1935 56.4384 54.5155 53.0126 52.4062 52.4931 58.1935
1.9698 58.3169 56.6180 54.7826 53.3236 52.7447 52.8517 58.3169
1.9799 58.4404 56.7977 55.0496 53.6346 53.0833 53.2103 58.4404
1.9899 58.5639 56.9773 55.3167 53.9455 53.4218 53.5689 58.5639
2.0000 58.6874 57.1570 55.5837 54.2565 53.7603 53.9275 58.6874
2.0101 58.6447 57.1769 55.7043 54.4373 53.9712 54.1648 58.6447
2.0201 58.6019 57.1969 55.8249 54.6180 54.1820 54.4020 58.6019
2.0302 58.5592 57.2168 55.9456 54.7988 54.3929 54.6392 58.5592
2.0402 58.5164 57.2368 56.0662 54.9795 54.6038 54.8764 58.5164
2.0503 58.4698 57.2529 56.1834 55.1569 54.8115 55.1105 58.4698
2.0603 58.2693 57.1197 56.1654 55.2040 54.8944 55.2230 58.2693
2.0704 58.0689 56.9864 56.1475 55.2510 54.9772 55.3354 58.0689
2.0804 57.8685 56.8531 56.1295 55.2981 55.0601 55.4479 57.8685
2.0905 57.6681 56.7199 56.1116 55.3451 55.1429 55.5604 57.6681
2.1005 57.4613 56.5804 56.0874 55.3861 55.2197 55.6670 57.4613
2.1106 57.1341 56.3223 55.9454 55.3128 55.1816 55.6612 57.1341
2.1206 56.8068 56.0642 55.8035 55.2395 55.1434 55.6553 56.8068
2.1307 56.4795 55.8062 55.6615 55.1662 55.1052 55.6495 56.4795
2.1407 56.1523 55.5481 55.5196 55.0929 55.0671 55.6437 56.1523
2.1508 55.8175 55.2822 55.3691 55.0113 55.0206 55.6296 55.8175
2.1608 55.3894 54.9201 55.1135 54.8277 54.8723 55.5137 55.3894
2.1709 54.9614 54.5581 54.8579 54.6440 54.7239 55.3977 54.9614
2.1809 54.5333 54.1960 54.6023 54.4603 54.5755 55.2817 54.5333
2.1910 54.1053 53.8339 54.3466 54.2767 54.4272 55.1658 54.1053
2.2010 53.6722 53.4651 54.0831 54.0846 54.2700 55.0409 53.6722
2.2111 53.1937 53.0357 53.7478 53.8169 54.0337 54.8357 53.1937
2.2211 52.7153 52.6063 53.4125 53.5491 53.7974 54.6304 52.7153
2.2312 52.2369 52.1769 53.0772 53.2814 53.5611 54.4252 52.2369
2.2412 51.7584 51.7476 52.7419 53.0136 53.3248 54.2200 51.7584
2.2513 51.2779 51.3155 52.4001 52.7385 53.0805 54.0063 51.2779
2.2613 50.7829 50.8645 52.0130 52.4120 52.7803 53.7330 50.7829
2.2714 50.2879 50.4136 51.6259 52.0855 52.4801 53.4598 50.2879
2.2814 49.7929 49.9627 51.2388 51.7590 52.1799 53.1866 49.7929
2.2915 49.2980 49.5117 50.8517 51.4324 51.8797 52.9133 49.2980
2.3015 48.8081 49.0627 50.4635 51.1016 51.5749 52.6339 48.8081
2.3116 48.3470 48.6246 50.0686 50.7462 51.2435 52.3190 48.3470
2.3216 47.8859 48.1865 49.6738 50.3908 50.9120 52.0041 47.8859
2.3317 47.4249 47.7483 49.2790 50.0354 50.5806 51.6893 47.4249
2.3417 46.9638 47.3102 48.8841 49.6800 50.2492 51.3744 46.9638
2.3518 46.5140 46.8800 48.4911 49.3241 49.9153 51.0554 46.5140
2.3618 46.1171 46.4874 48.1067 48.9659 49.5697 50.7163 46.1171
2.3719 45.7203 46.0948 47.7222 48.6077 49.2240 50.3772 45.7203
2.3819 45.3235 45.7021 47.3377 48.2495 48.8784 50.0381 45.3235
2.3920 44.9267 45.3095 46.9532 47.8913 48.5327 49.6990 44.9267
2.4020 44.5465 44.9295 46.5773 47.5375 48.1894 49.3606 44.5465
2.4121 44.2329 44.6002 46.2358 47.2013 47.8555 49.0249 44.2329
2.4221 43.9194 44.2710 45.8942 46.8652 47.5216 48.6891 43.9194
2.4322 43.6058 43.9417 45.5526 46.5291 47.1877 48.3534 43.6058
2.4422 43.2922 43.6125 45.2111 46.1930 46.8539 48.0176 43.2922
2.4523 42.9982 43.2999 44.8820 45.8663 46.5268 47.6870 42.9982
2.4623 42.7717 43.0446 44.5960 45.5723 46.2233 47.3739 42.7717
2.4724 42.5451 42.7893 44.3100 45.2782 45.9198 47.0608 42.5451
2.4824 42.3186 42.5341 44.0241 44.9842 45.6164 46.7477 42.3186
2.4925 42.0921 42.2788 43.7381 44.6902 45.3129 46.4346 42.0921
2.5025 41.8872 42.0429 43.4668 44.4074 45.0189 46.1281 41.8872
2.5126 41.7475 41.8652 43.2398 44.1584 44.7535 45.8412 41.7475
2.5226 41.6078 41.6874 43.0129 43.9094 44.4880 45.5543 41.6078
2.5327 41.4681 41.5097 42.7859 43.6604 44.2225 45.2675 41.4681
2.5427 41.3285 41.3319 42.5589 43.4114 43.9571 44.9806 41.3285
2.5528 41.2074 41.1709 42.3444 43.1724 43.6998 44.7011 41.2074
2.5628 41.1356 41.0539 42.1628 42.9598 43.4639 44.4410 41.1356
2.5729 41.0638 40.9369 41.9813 42.7473 43.2281 44.1809 41.0638
2.5829 40.9920 40.8198 41.7998 42.5347 42.9922 43.9208 40.9920
2.5930 40.9202 40.7028 41.6182 42.3222 42.7563 43.6606 40.9202
2.6030 40.8621 40.5977 41.4487 42.1180 42.5279 43.4051 40.8621
2.6131 40.8360 40.5201 41.3071 41.9332 42.3169 43.1603 40.8360
2.6231 40.8099 40.4426 41.1654 41.7484 42.1059 42.9155 40.8099
2.6332 40.7839 40.3651 41.0238 41.5636 41.8949 42.6707 40.7839
2.6432 40.7578 40.2876 40.8822 41.3788 41.6839 42.4259 40.7578
2.6533 40.7391 40.2169 40.7455 41.1981 41.4750 42.1837 40.7391
2.6633 40.7354 40.1603 40.6191 41.0257 41.2705 41.9472 40.7354
2.6734 40.7318 40.1038 40.4926 40.8533 41.0659 41.7107 40.7318
2.6834 40.7282 40.0472 40.3662 40.6809 40.8614 41.4742 40.7282
2.6935 40.7246 39.9906 40.2398 40.5085 40.6568 41.2377 40.7246
2.7035 40.7197 39.9323 40.1145 40.3371 40.4518 41.0021 40.7197
2.7136 40.7126 39.8708 39.9914 40.1676 40.2461 40.7683 40.7126
2.7236 40.7055 39.8092 39.8684 39.9981 40.0403 40.5344 40.7055
2.7337 40.6983 39.7477 39.7453 39.8285 39.8345 40.3006 40.6983
2.7437 40.6912 39.6862 39.6222 39.6590 39.6288 40.0667 40.6912
2.7538 40.6728 39.6173 39.4928 39.4838 39.4197 39.8295 40.6728
2.7638 40.6355 39.5362 39.3529 39.2993 39.2051 39.5865 40.6355
2.7739 40.5982 39.4551 39.2129 39.1147 38.9904 39.3436 40.5982
2.7839 40.5610 39.3739 39.0730 38.9301 38.7758 39.1006 40.5610
2.7940 40.5237 39.2928 38.9330 38.7456 38.5611 38.8577 40.5237
2.8040 40.4694 39.1954 38.7816 38.5527 38.3391 38.6075 40.4694
2.8141 40.3895 39.0734 38.6130 38.3473 38.1060 38.3464 40.3895
2.8241 40.3096 38.9515 38.4444 38.1419 37.8728 38.0853 40.3096
2.8342 40.2296 38.8296 38.2758 37.9365 37.6397 37.8242 40.2296
2.8442 40.1497 38.7076 38.1072 37.7311 37.4066 37.5631 40.1497
2.8543 40.0443 38.5656 37.9223 37.5110 37.1615 37.2907 40.0443
2.8643 39.9043 38.3963 37.7153 37.2709 36.9004 37.0030 39.9043
2.8744 39.7644 38.2269 37.5084 37.0309 36.6392 36.7153 39.7644
2.8844 39.6244 38.0576 37.3014 36.7908 36.3781 36.4276 39.6244
2.8945 39.4844 37.8883 37.0944 36.5508 36.1170 36.1399 39.4844
2.9045 39.3138 37.6937 36.8682 36.2938 35.8431 35.8406 39.3138
2.9146 39.1058 37.4681 36.6183 36.0160 35.5536 35.5271 39.1058
2.9246 38.8977 37.2425 36.3684 35.7382 35.2641 35.2136 38.8977
2.9347 38.6896 37.0169 36.1185 35.4604 34.9746 34.9001 38.6896
2.9447 38.4816 36.7913 35.8686 35.1826 34.6851 34.5865 38.4816
2.9548 38.2428 36.5378 35.5967 34.8893 34.3815 34.2611 38.2428
2.9648 37.9701 36.2536 35.3004 34.5789 34.0624 33.9226 37.9701
2.9749 37.6974 35.9695 35.0041 34.2685 33.7432 33.5840 37.6974
2.9849 37.4248 35.6853 34.7078 33.9581 33.4240 33.2455 37.4248
2.9950 37.1521 35.4011 34.4116 33.6477 33.1048 32.9069 37.1521
3.0050 36.8477 35.0904 34.0949 33.3207 32.7706 32.5583 36.8477
3.0151 36.5117 34.7532 33.7579 32.9770 32.4212 32.1997 36.5117
3.0251 36.1756 34.4160 33.4208 32.6334 32.0719 31.8411 36.1756
3.0352 35.8396 34.0788 33.0838 32.2897 31.7226 31.4824 35.8396
3.0452 35.5035 33.7416 32.7468 31.9460 31.3732 31.1238 35.5035
3.0553 35.1368 33.3806 32.3925 31.5895 31.0133 30.7586 35.1368
3.0653 34.7422 32.9981 32.0227 31.2215 30.6438 30.3873 34.7422
3.0754 34.3476 32.6157 31.6529 30.8534 30.2743 30.0160 34.3476
3.0854 33.9530 32.2332 31.2831 30.4853 29.9048 29.6447 33.9530
3.0955 33.5584 31.8507 30.9133 30.1172 29.5353 29.2734 33.5584
3.1055 33.1399 31.4492 30.5289 29.7409 29.1595 28.8966 33.1399
3.1156 32.7019 31.0323 30.1326 29.3577 28.7784 28.5153 32.7019
3.1256 32.2640 30.6153 29.7363 28.9745 28.3974 28.1340 32.2640
3.1357 31.8260 30.1983 29.3400 28.5914 28.0163 27.7526 31.8260
3.1457 31.3880 29.7813 28.9437 28.2082 27.6353 27.3713 31.3880
3.1558 30.9320 29.3500 28.5380 27.8193 27.2516 26.9903 30.9320
3.1658 30.4628 28.9080 28.1253 27.4260 26.8661 26.6096 30.4628
3.1759 29.9935 28.4660 27.7126 27.0328 26.4805 26.2289 29.9935
3.1859 29.5243 28.0240 27.2999 26.6396 26.0949 25.8482 29.5243
3.1960 29.0550 27.5820 26.8872 26.2464 25.7094 25.4675 29.0550
3.2060 28.5783 27.1355 26.4738 25.8551 25.3283 25.0950 28.5783
3.2161 28.0967 26.6860 26.0600 25.4652 24.9504 24.7279 28.0967
3.2261 27.6151 26.2365 25.6462 25.0753 24.5724 24.3608 27.6151
3.2362 27.1335 25.7870 25.2323 24.6854 24.1944 23.9938 27.1335
3.2462 26.6519 25.3375 24.8185 24.2956 23.8165 23.6267 26.6519
3.2563 26.1726 24.8936 24.4099 23.9145 23.4489 23.2701 26.1726
3.2663 25.6947 24.4531 24.0043 23.5388 23.0877 22.9198 25.6947
3.2764 25.2168 24.0126 23.5988 23.1631 22.7264 22.5695 25.2168
3.2864 24.7389 23.5721 23.1932 22.7874 22.3651 22.2192 24.7389
3.2965 24.2610 23.1316 22.7877 22.4117 22.0039 21.8689 24.2610
3.3065 23.7974 22.7087 22.3993 22.0536 21.6611 21.5363 23.7974
3.3166 23.3415 22.2953 22.0202 21.7051 21.3284 21.2133 23.3415
3.3266 22.8856 21.8820 21.6411 21.3566 20.9956 20.8903 22.8856
3.3367 22.4297 21.4686 21.2621 21.0081 20.6628 20.5672 22.4297
3.3467 21.9738 21.0552 20.8830 20.6596 20.3300 20.2442 21.9738
3.3568 21.5452 20.6640 20.5279 20.3316 20.0207 19.9454 21.5452
3.3668 21.1297 20.2834 20.1844 20.0134 19.7225 19.6582 21.1297
3.3769 20.7142 19.9029 19.8409 19.6951 19.4244 19.3711 20.7142
3.3869 20.2987 19.5223 19.4974 19.3769 19.1262 19.0839 20.2987
3.3970 19.8832 19.1417 19.1539 19.0587 18.8281 18.7968 19.8832
3.4070 19.5043 18.7981 18.8415 18.7705 18.5549 18.5353 19.5043
3.4171 19.1412 18.4703 18.5425 18.4950 18.2923 18.2849 19.1412
3.4271 18.7780 18.1426 18.2434 18.2196 18.0297 18.0344 18.7780
3.4372 18.4148 17.8148 17.9443 17.9442 17.7671 17.7840 18.4148
3.4472 18.0516 17.4870 17.6453 17.6688 17.5046 17.5336 18.0516
3.4573 17.7299 17.1977 17.3806 17.4242 17.2723 17.3136 17.7299
3.4673 17.4239 16.9231 17.1289 17.1913 17.0516 17.1051 17.4239
3.4774 17.1180 16.6484 16.8772 16.9585 16.8309 16.8967 17.1180
3.4874 16.8120 16.3738 16.6255 16.7256 16.6101 16.6883 16.8120
3.4975 16.5060 16.0992 16.3739 16.4928 16.3894 16.4799 16.5060
3.5075 16.2473 15.8656 16.1556 16.2894 16.1968 16.2968 16.2473
3.5176 16.0043 15.6457 15.9485 16.0957 16.0135 16.1222 16.0043
3.5276 15.7613 15.4257 15.7414 15.9021 15.8303 15.9476 15.7613
3.5377 15.5183 15.2058 15.5343 15.7085 15.6470 15.7730 15.5183
3.5477 15.2753 14.9859 15.3272 15.5149 15.4638 15.5984 15.2753
3.5578 15.0758 14.8037 15.1550 15.3537 15.3111 15.4551 15.0758
3.5678 14.8889 14.6324 14.9928 15.2019 15.1672 15.3209 14.8889
3.5779 14.7020 14.4611 14.8307 15.0501 15.0233 15.1866 14.7020
3.5879 14.5151 14.2898 14.6685 14.8983 14.8794 15.0524 14.5151
3.5980 14.3282 14.1185 14.5064 14.7465 14.7355 14.9181 14.3282
3.6080 14.1814 13.9828 14.3753 14.6187 14.6135 14.8026 14.1814
3.6181 14.0447 13.8560 14.2519 14.4968 14.4970 14.6919 14.0447
3.6281 13.9080 13.7293 14.1286 14.3750 14.3805 14.5811 13.9080
3.6382 13.7713 13.6025 14.0053 14.2532 14.2639 14.4704 13.7713
3.6482 13.6346 13.4758 13.8819 14.1313 14.1474 14.3596 13.6346
3.6583 13.5309 13.3792 13.7827 14.0354 14.0519 14.2706 13.5309
3.6683 13.4343 13.2890 13.6886 13.9449 13.9609 14.1863 13.4343
3.6784 13.3376 13.1989 13.5945 13.8544 13.8700 14.1019 13.3376
3.6884 13.2410 13.1087 13.5004 13.7639 13.7790 14.0175 13.2410
3.6985 13.1443 13.0185 13.4063 13.6734 13.6880 13.9332 13.1443
3.7085 13.0745 12.9535 13.3394 13.6046 13.6189 13.8685 13.0745
3.7186 13.0095 12.8928 13.2772 13.5398 13.5536 13.8073 13.0095
3.7286 12.9444 12.8322 13.2151 13.4749 13.4884 13.7461 12.9444
3.7387 12.8793 12.7716 13.1530 13.4100 13.4231 13.6849 12.8793
3.7487 12.8142 12.7109 13.0908 13.3451 13.3579 13.6237 12.8142
3.7588 12.7695 12.6676 13.0454 13.2963 13.3117 13.5748 12.7695
3.7688 12.7277 12.6268 13.0024 13.2498 13.2683 13.5277 12.7277
3.7789 12.6859 12.5860 12.9594 13.2032 13.2249 13.4805 12.6859
3.7889 12.6441 12.5452 12.9164 13.1567 13.1815 13.4334 12.6441
3.7990 12.6023 12.5043 12.8733 13.1102 13.1381 13.3862 12.6023
3.8090 12.5757 12.4766 12.8411 13.0760 13.1052 13.3508 12.5757
3.8191 12.5508 12.4503 12.8100 13.0432 13.0736 13.3166 12.5508
3.8291 12.5259 12.4241 12.7789 13.0104 13.0419 13.2825 12.5259
3.8392 12.5010 12.3978 12.7479 12.9776 13.0102 13.2483 12.5010
3.8492 12.4761 12.3715 12.7168 12.9448 12.9786 13.2142 12.4761
3.8593 12.4619 12.3560 12.6967 12.9207 12.9554 13.1890 12.4619
3.8693 12.4485 12.3414 12.6776 12.8972 12.9329 13.1645 12.4485
3.8794 12.4352 12.3267 12.6584 12.8738 12.9104 13.1400 12.4352
3.8894 12.4219 12.3121 12.6392 12.8504 12.8880 13.1156 12.4219
3.8995 12.4085 12.2974 12.6200 12.8269 12.8655 13.0911 12.4085
3.9095 12.4037 12.2910 12.6085 12.8125 12.8514 13.0758 12.4037
3.9196 12.3993 12.2850 12.5975 12.7985 12.8377 13.0610 12.3993
3.9296 12.3949 12.2790 12.5865 12.7846 12.8241 13.0461 12.3949
3.9397 12.3905 12.2730 12.5754 12.7706 12.8104 13.0313 12.3905
3.9497 12.3861 12.2671 12.5644 12.7566 12.7967 13.0165 12.3861
3.9598 12.3871 12.2660 12.5600 12.7494 12.7883 13.0065 12.3871
3.9698 12.3881 12.2651 12.5559 12.7424 12.7800 12.9966 12.3881
3.9799 12.3892 12.2642 12.5517 12.7353 12.7717 12.9867 12.3892
3.9899 12.3902 12.2632 12.5475 12.7283 12.7634 12.9768 12.3902
4.0000 12.3913 12.2623 12.5434 12.7212 12.7552 12.9669 12.3913
4.0101 12.3956 12.2651 12.5426 12.7161 12.7483 12.9615 12.3956
4.0201 12.4000 12.2679 12.5418 12.7110 12.7415 12.9561 12.4000
4.0302 12.4043 12.2707 12.5410 12.7059 12.7347 12.9507 12.4043
4.0402 12.4087 12.2735 12.5402 12.7008 12.7279 12.9453 12.4087
4.0503 12.4131 12.2763 12.5394 12.6958 12.7211 12.9398 12.4131
4.0603 12.4187 12.2820 12.5386 12.6937 12.7169 12.9325 12.4187
4.0704 12.4243 12.2878 12.5379 12.6915 12.7126 12.9252 12.4243
4.0804 12.4299 12.2935 12.5372 12.6894 12.7083 12.9179 12.4299
4.0905 12.4356 12.2992 12.5364 12.6873 12.7041 12.9106 12.4356
4.1005 12.4413 12.3049 12.5357 12.6852 12.6998 12.9033 12.4413
4.1106 12.4483 12.3093 12.5356 12.6825 12.6961 12.8959 12.4483
4.1206 12.4554 12.3137 12.5355 12.6798 12.6923 12.8885 12.4554
4.1307 12.4625 12.3182 12.5354 12.6771 12.6886 12.8810 12.4625
4.1407 12.4696 12.3226 12.5353 12.6745 12.6848 12.8736 12.4696
4.1508 12.4765 12.3270 12.5351 12.6716 12.6810 12.8663 12.4765
4.1608 12.4809 12.3299 12.5337 12.6670 12.6761 12.8605 12.4809
4.1709 12.4853 12.3329 12.5323 12.6624 12.6712 12.8546 12.4853
4.1809 12.4898 12.3358 12.5310 12.6577 12.6664 12.8487 12.4898
4.1910 12.4942 12.3388 12.5296 12.6531 12.6615 12.8429 12.4942
4.2010 12.4985 12.3415 12.5280 12.6482 12.6564 12.8368 12.4985
4.2111 12.5011 12.3424 12.5247 12.6410 12.6490 12.8291 12.5011
4.2211 12.5037 12.3433 12.5214 12.6339 12.6415 12.8214 12.5037
4.2312 12.5064 12.3442 12.5181 12.6267 12.6341 12.8137 12.5064
4.2412 12.5090 12.3451 12.5148 12.6195 12.6267 12.8060 12.5090
4.2513 12.5113 12.3456 12.5110 12.6122 12.6191 12.7980 12.5113
4.2613 12.5115 12.3435 12.5040 12.6040 12.6102 12.7881 12.5115
4.2714 12.5116 12.3413 12.4971 12.5958 12.6014 12.7782 12.5116
4.2814 12.5118 12.3392 12.4902 12.5876 12.5925 12.7683 12.5118
4.2915 12.5119 12.3370 12.4832 12.5794 12.5837 12.7584 12.5119
4.3015 12.5110 12.3340 12.4756 12.5708 12.5744 12.7479 12.5110
4.3116 12.5041 12.3261 12.4644 12.5602 12.5628 12.7343 12.5041
4.3216 12.4973 12.3182 12.4533 12.5495 12.5512 12.7206 12.4973
4.3317 12.4904 12.3103 12.4421 12.5389 12.5396 12.7070 12.4904
4.3417 12.4835 12.3023 12.4309 12.5282 12.5279 12.6933 12.4835
4.3518 12.4769 12.2940 12.4197 12.5169 12.5157 12.6790 12.4769
4.3618 12.4716 12.2837 12.4080 12.5023 12.5007 12.6617 12.4716
4.3719 12.4662 12.2734 12.3964 12.4877 12.4856 12.6443 12.4662
4.3819 12.4609 12.2631 12.3848 12.4731 12.4706 12.6270 12.4609
4.3920 12.4555 12.2528 12.3732 12.4585 12.4555 12.6097 12.4555
4.4020 12.4495 12.2428 12.3606 12.4431 12.4393 12.5914 12.4495
4.4121 12.4408 12.2343 12.3443 12.4245 12.4186 12.5696 12.4408
4.4221 12.4321 12.2258 12.3280 12.4059 12.3979 12.5477 12.4321
4.4322 12.4234 12.2173 12.3117 12.3873 12.3771 12.5258 12.4234
4.4422 12.4147 12.2088 12.2954 12.3687 12.3564 12.5040 12.4147
4.4523 12.4051 12.1989 12.2783 12.3493 12.3349 12.4817 12.4051
4.4623 12.3922 12.1841 12.2587 12.3270 12.3108 12.4580 12.3922
4.4724 12.3794 12.1693 12.2392 12.3048 12.2866 12.4342 12.3794
4.4824 12.3665 12.1544 12.2196 12.2825 12.2625 12.4105 12.3665
4.4925 12.3536 12.1396 12.2000 12.2603 12.2384 12.3867 12.3536
4.5025 12.3392 12.1234 12.1791 12.2373 12.2131 12.3619 12.3392
4.5126 12.3203 12.1033 12.1541 12.2123 12.1846 12.3337 12.3203
4.5226 12.3014 12.0832 12.1291 12.1872 12.1561 12.3055 12.3014
4.5327 12.2825 12.0631 12.1040 12.1622 12.1275 12.2773 12.2825
4.5427 12.2636 12.0430 12.0790 12.1371 12.0990 12.2490 12.2636
4.5528 12.2439 12.0216 12.0533 12.1109 12.0698 12.2197 12.2439
4.5628 12.2221 11.9967 12.0259 12.0816 12.0389 12.1873 12.2221
4.5729 12.2003 11.9718 11.9984 12.0522 12.0080 12.1548 12.2003
4.5829 12.1785 11.9469 11.9709 12.0229 11.9771 12.1224 12.1785
4.5930 12.1566 11.9219 11.9435 11.9936 11.9462 12.0900 12.1566
4.6030 12.1331 11.8958 11.9136 11.9618 11.9127 12.0550 12.1331
4.6131 12.1058 11.8668 11.8780 11.9243 11.8730 12.0138 12.1058
4.6231 12.0784 11.8379 11.8424 11.8868 11.8334 11.9727 12.0784
4.6332 12.0510 11.8089 11.8068 11.8493 11.7938 11.9316 12.0510
4.6432 12.0236 11.7799 11.7712 11.8117 11.7542 11.8904 12.0236
4.6533 11.9945 11.7489 11.7346 11.7730 11.7135 11.8484 11.9945
4.6633 11.9617 11.7138 11.6958 11.7316 11.6708 11.8047 11.9617
4.6734 11.9290 11.6786 11.6570 11.6902 11.6280 11.7609 11.9290
4.6834 11.8963 11.6435 11.6181 11.6489 11.5853 11.7171 11.8963
4.6935 11.8636 11.6083 11.5793 11.6075 11.5426 11.6733 11.8636
4.7035 11.8293 11.5730 11.5404 11.5653 11.4994 11.6286 11.8293
4.7136 11.7921 11.5376 11.5013 11.5215 11.4556 11.5821 11.7921
4.7236 11.7549 11.5021 11.4623 11.4777 11.4117 11.5356 11.7549
4.7337 11.7177 11.4666 11.4232 11.4339 11.3678 11.4891 11.7177
4.7437 11.6804 11.4311 11.3841 11.3901 11.3240 11.4426 11.6804
4.7538 11.6408 11.3938 11.3427 11.3453 11.2786 11.3951 11.6408
4.7638 11.5972 11.3535 11.2973 11.2989 11.2307 11.3460 11.5972
4.7739 11.5536 11.3132 11.2519 11.2525 11.1828 11.2968 11.5536
4.7839 11.5100 11.2729 11.2065 11.2061 11.1349 11.2477 11.5100
4.7940 11.4664 11.2326 11.1611 11.1597 11.0870 11.1986 11.4664
4.8040 11.4210 11.1903 11.1144 11.1118 11.0383 11.1483 11.4210
4.8141 11.3731 11.1448 11.0655 11.0616 10.9884 11.0963 11.3731
4.8241 11.3251 11.0994 11.0167 11.0114 10.9385 11.0443 11.3251
4.8342 11.2772 11.0540 10.9678 10.9611 10.8886 10.9923 11.2772
4.8442 11.2292 11.0086 10.9190 10.9109 10.8386 10.9403 11.2292
4.8543 11.1790 10.9611 10.8691 10.8607 10.7883 10.8877 11.1790
4.8643 11.1258 10.9108 10.8178 10.8105 10.7373 10.8345 11.1258
4.8744 11.0726 10.8605 10.7665 10.7603 10.6864 10.7813 11.0726
4.8844 11.0194 10.8103 10.7151 10.7100 10.6354 10.7281 11.0194
4.8945 10.9662 10.7600 10.6638 10.6598 10.5844 10.6749 10.9662
4.9045 10.9115 10.7084 10.6114 10.6089 10.5320 10.6210 10.9115
4.9146 10.8550 10.6552 10.5576 10.5571 10.4778 10.5663 10.8550
4.9246 10.7985 10.6021 10.5038 10.5053 10.4236 10.5116 10.7985
4.9347 10.7420 10.5489 10.4499 10.4534 10.3694 10.4569 10.7420
4.9447 10.6855 10.4957 10.3961 10.4016 10.3152 10.4023 10.6855
4.9548 10.6260 10.4407 10.3407 10.3483 10.2605 10.3460 10.6260
4.9648 10.5632 10.3837 10.2834 10.2933 10.2052 10.2880 10.5632
4.9749 10.5005 10.3267 10.2261 10.2383 10.1500 10.2301 10.5005
4.9849 10.4377 10.2696 10.1688 10.1833 10.0947 10.1721 10.4377
4.9950 10.3749 10.2126 10.1115 10.1283 10.0395 10.1141 10.3749
5.0050 10.3115 10.1549 10.0542 10.0729 9.9841 10.0566 10.3115
5.0151 10.2473 10.0965 9.9969 10.0173 9.9287 9.9996 10.2473
5.0251 10.1832 10.0381 9.9395 9.9617 9.8732 9.9425 10.1832
5.0352 10.1190 9.9797 9.8821 9.9061 9.8178 9.8855 10.1190
5.0452 10.0548 9.9213 9.8248 9.8505 9.7623 9.8285 10.0548
5.0553 9.9893 9.8611 9.7663 9.7943 9.7059 9.7710 9.9893
5.0653 9.9226 9.7993 9.7068 9.7376 9.6484 9.7130 9.9226
5.0754 9.8559 9.7375 9.6473 9.6810 9.5910 9.6550 9.8559
5.0854 9.7892 9.6757 9.5879 9.6243 9.5335 9.5970 9.7892
5.0955 9.7224 9.6139 9.5284 9.5676 9.4761 9.5390 9.7224
5.1055 9.6546 9.5508 9.4684 9.5098 9.4192 9.4817 9.6546
5.1156 9.5859 9.4866 9.4080 9.4510 9.3628 9.4250 9.5859
5.1256 9.5172 9.4224 9.3476 9.3922 9.3064 9.3683 9.5172
5.1357 9.4485 9.3583 9.2872 9.3333 9.2500 9.3116 9.4485
5.1457 9.3798 9.2941 9.2268 9.2745 9.1937 9.2549 9.3798
5.1558 9.3100 9.2294 9.1657 9.2157 9.1373 9.1984 9.3100
5.1658 9.2395 9.1644 9.1042 9.1569 9.0810 9.1419 9.2395
5.1759 9.1689 9.0994 9.0427 9.0982 9.0247 9.0855 9.1689
5.1859 9.0984 9.0343 8.9812 9.0394 8.9684 9.0291 9.0984
5.1960 9.0278 8.9693 8.9197 8.9806 8.9121 8.9727 9.0278
5.2060 8.9575 8.9041 8.8580 8.9227 8.8551 8.9158 8.9575
5.2161 8.8874 8.8388 8.7963 8.8655 8.7978 8.8586 8.8874
5.2261 8.8172 8.7734 8.7346 8.8083 8.7404 8.8015 8.8172
5.2362 8.7471 8.7081 8.6728 8.7511 8.6830 8.7443 8.7471
5.2462 8.6770 8.6428 8.6111 8.6939 8.6256 8.6871 8.6770
5.2563 8.6065 8.5769 8.5496 8.6370 8.5685 8.6300 8.6065
5.2663 8.5359 8.5106 8.4881 8.5803 8.5114 8.5730 8.5359
5.2764 8.4652 8.4444 8.4267 8.5236 8.4543 8.5160 8.4652
5.2864 8.3945 8.3781 8.3652 8.4670 8.3973 8.4589 8.3945
5.2965 8.3239 8.3119 8.3038 8.4103 8.3402 8.4019 8.3239
5.3065 8.2551 8.2472 8.2436 8.3540 8.2837 8.3460 8.2551
5.3166 8.1874 8.1834 8.1842 8.2980 8.2276 8.2908 8.1874
5.3266 8.1196 8.1196 8.1247 8.2420 8.1714 8.2356 8.1196
5.3367 8.0519 8.0558 8.0652 8.1859 8.1153 8.1804 8.0519
5.3467 7.9842 7.9919 8.0058 8.1299 8.0591 8.1252 7.9842
5.3568 7.9224 7.9315 7.9498 8.0753 8.0046 8.0714 7.9224
5.3668 7.8636 7.8727 7.8954 8.0215 7.9509 8.0183 7.8636
5.3769 7.8047 7.8139 7.8411 7.9676 7.8973 7.9652 7.8047
5.3869 7.7459 7.7551 7.7868 7.9137 7.8436 7.9121 7.7459
5.3970 7.6870 7.6963 7.7324 7.8598 7.7899 7.8590 7.6870
5.4070 7.6276 7.6373 7.6777 7.8075 7.7375 7.8078 7.6276
5.4171 7.5680 7.5781 7.6227 7.7558 7.6856 7.7574 7.5680
5.4271 7.5084 7.5190 7.5677 7.7041 7.6338 7.7070 7.5084
5.4372 7.4488 7.4599 7.5128 7.6524 7.5819 7.6566 7.4488
5.4472 7.3892 7.4008 7.4578 7.6007 7.5301 7.6061 7.3892
5.4573 7.3331 7.3440 7.4058 7.5516 7.4796 7.5571 7.3331
5.4673 7.2784 7.2881 7.3549 7.5035 7.4296 7.5086 7.2784
5.4774 7.2237 7.2323 7.3041 7.4554 7.3796 7.4601 7.2237
5.4874 7.1690 7.1764 7.2532 7.4073 7.3296 7.4116 7.1690
5.4975 7.1142 7.1205 7.2023 7.3592 7.2796 7.3632 7.1142
5.5075 7.0607 7.0656 7.1516 7.3115 7.2317 7.3159 7.0607
5.5176 7.0075 7.0110 7.1009 7.2640 7.1844 7.2690 7.0075
5.5276 6.9544 6.9564 7.0502 7.2164 7.1372 7.2221 6.9544
5.5377 6.9012 6.9018 6.9995 7.1689 7.0900 7.1753 6.9012
5.5477 6.8480 6.8472 6.9488 7.1213 7.0428 7.1284 6.8480
5.5578 6.7980 6.7962 6.9012 7.0759 6.9971 7.0834 6.7980
5.5678 6.7489 6.7463 6.8545 7.0310 6.9519 7.0390 6.7489
5.5779 6.6998 6.6965 6.8078 6.9861 6.9066 6.9946 6.6998
5.5879 6.6507 6.6466 6.7611 6.9412 6.8614 6.9502 6.6507
5.5980 6.6017 6.5967 6.7144 6.8963 6.8161 6.9057 6.6017
5.6080 6.5544 6.5496 6.6692 6.8532 6.7723 6.8626 6.5544
5.6181 6.5075 6.5032 6.6245 6.8104 6.7288 6.8199 6.5075
5.6281 6.4607 6.4567 6.5798 6.7677 6.6852 6.7771 6.4607
5.6382 6.4139 6.4103 6.5350 6.7250 6.6417 6.7344 6.4139
5.6482 6.3670 6.3639 6.4903 6.6823 6.5982 6.6916 6.3670
5.6583 6.3250 6.3203 6.4492 6.6411 6.5566 6.6510 6.3250
5.6683 6.2841 6.2772 6.4089 6.6003 6.5155 6.6108 6.2841
5.6784 6.2431 6.2342 6.3685 6.5595 6.4743 6.5707 6.2431
5.6884 6.2021 6.1912 6.3282 6.5188 6.4332 6.5305 6.2021
5.6985 6.1612 6.1481 6.2879 6.4780 6.3920 6.4904 6.1612
5.7085 6.1218 6.1108 6.2492 6.4410 6.3554 6.4527 6.1218
5.7186 6.0828 6.0745 6.2109 6.4048 6.3196 6.4154 6.0828
5.7286 6.0438 6.0381 6.1726 6.3685 6.2838 6.3782 6.0438
5.7387 6.0048 6.0018 6.1343 6.3323 6.2480 6.3409 6.0048
5.7487 5.9658 5.9655 6.0960 6.2960 6.2121 6.3036 5.9658
5.7588 5.9304 5.9301 6.0616 6.2632 6.1792 6.2708 5.9304
5.7688 5.8955 5.8948 6.0277 6.2309 6.1467 6.2387 5.8955
5.7789 5.8606 5.8595 5.9939 6.1986 6.1141 6.2065 5.8606
5.7889 5.8257 5.8242 5.9600 6.1663 6.0816 6.1743 5.8257
5.7990 5.7908 5.7889 5.9261 6.1339 6.0490 6.1421 5.7908
5.8090 5.7597 5.7562 5.8944 6.1040 6.0186 6.1124 5.7597
5.8191 5.7290 5.7239 5.8630 6.0742 5.9885 6.0829 5.7290
5.8291 5.6983 5.6915 5.8315 6.0445 5.9583 6.0533 5.6983
5.8392 5.6675 5.6591 5.8001 6.0148 5.9281 6.0238 5.6675
5.8492 5.6368 5.6267 5.7686 5.9851 5.8979 5.9943 5.6368
5.8593 5.6085 5.5976 5.7401 5.9588 5.8700 5.9672 5.6085
5.8693 5.5805 5.5689 5.7118 5.9328 5.8423 5.9403 5.5805
5.8794 5.5524 5.5401 5.6836 5.9068 5.8146 5.9134 5.5524
5.8894 5.5243 5.5114 5.6553 5.8808 5.7868 5.8865 5.5243
5.8995 5.4962 5.4826 5.6271 5.8548 5.7591 5.8596 5.4962
5.9095 5.4726 5.4559 5.6019 5.8306 5.7349 5.8357 5.4726
5.9196 5.4492 5.4293 5.5769 5.8064 5.7110 5.8119 5.4492
5.9296 5.4258 5.4026 5.5519 5.7823 5.6870 5.7882 5.4258
5.9397 5.4024 5.3760 5.5269 5.7582 5.6630 5.7644 5.4024
5.9497 5.3790 5.3494 5.5019 5.7340 5.6391 5.7407 5.3790
5.9598 5.3573 5.3291 5.4802 5.7128 5.6182 5.7204 5.3573
5.9698 5.3358 5.3090 5.4586 5.6917 5.5975 5.7002 5.3358
5.9799 5.3142 5.2890 5.4370 5.6706 5.5768 5.6800 5.3142
5.9899 5.2926 5.2689 5.4153 5.6495 5.5560 5.6599 5.2926
6.0000 5.2710 5.2488 5.3937 5.6284 5.5353 5.6397 5.2710
6.0101 5.2536 5.2319 5.3750 5.6099 5.5164 5.6225 5.2536
6.0201 5.2362 5.2150 5.3563 5.5914 5.4975 5.6053 5.2362
6.0302 5.2188 5.1980 5.3375 5.5729 5.4786 5.5881 5.2188
6.0402 5.2014 5.1811 5.3188 5.5544 5.4597 5.5709 5.2014
6.0503 5.1840 5.1642 5.3002 5.5359 5.4409 5.5537 5.1840
6.0603 5.1686 5.1479 5.2837 5.5174 5.4246 5.5383 5.1686
6.0704 5.1532 5.1315 5.2672 5.4990 5.4083 5.5229 5.1532
6.0804 5.1378 5.1151 5.2507 5.4806 5.3919 5.5076 5.1378
6.0905 5.1224 5.0988 5.2343 5.4622 5.3756 5.4922 5.1224
6.1005 5.1070 5.0826 5.2179 5.4440 5.3595 5.4769 5.1070
6.1106 5.0927 5.0699 5.2038 5.4306 5.3476 5.4635 5.0927
6.1206 5.0785 5.0572 5.1897 5.4171 5.3356 5.4500 5.0785
6.1307 5.0643 5.0446 5.1756 5.4037 5.3237 5.4366 5.0643
6.1407 5.0500 5.0319 5.1615 5.3903 5.3118 5.4232 5.0500
6.1508 5.0360 5.0194 5.1475 5.3768 5.2999 5.4097 5.0360
6.1608 5.0244 5.0091 5.1352 5.3633 5.2873 5.3962 5.0244
6.1709 5.0128 4.9988 5.1229 5.3497 5.2747 5.3827 5.0128
6.1809 5.0012 4.9885 5.1106 5.3361 5.2622 5.3692 5.0012
6.1910 4.9896 4.9783 5.0982 5.3225 5.2496 5.3557 4.9896
6.2010 4.9780 4.9681 5.0861 5.3091 5.2371 5.3424 4.9780
6.2111 4.9672 4.9595 5.0755 5.2967 5.2251 5.3310 4.9672
6.2211 4.9563 4.9508 5.0649 5.2843 5.2130 5.3195 4.9563
6.2312 4.9455 4.9422 5.0543 5.2719 5.2010 5.3081 4.9455
6.2412 4.9346 4.9335 5.0437 5.2595 5.1890 5.2967 4.9346
6.2513 4.9239 4.9250 5.0333 5.2472 5.1770 5.2855 4.9239
6.2613 4.9143 4.9169 5.0241 5.2354 5.1655 5.2762 4.9143
6.2714 4.9048 4.9089 5.0149 5.2237 5.1540 5.2670 4.9048
6.2814 4.8952 4.9009 5.0057 5.2119 5.1425 5.2577 4.8952
6.2915 4.8857 4.8928 4.9965 5.2001 5.1310 5.2485 4.8857
6.3015 4.8766 4.8854 4.9876 5.1885 5.1199 5.2394 4.8766
6.3116 4.8706 4.8809 4.9803 5.1775 5.1109 5.2315 4.8706
6.3216 4.8646 4.8765 4.9730 5.1665 5.1019 5.2236 4.8646
6.3317 4.8585 4.8721 4.9656 5.1554 5.0930 5.2157 4.8585
6.3417 4.8525 4.8676 4.9583 5.1444 5.0840 5.2078 4.8525
6.3518 4.8465 4.8631 4.9512 5.1338 5.0752 5.1997 4.8465
6.3618 4.8408 4.8579 4.9448 5.1251 5.0671 5.1907 4.8408
6.3719 4.8351 4.8527 4.9384 5.1163 5.0590 5.1817 4.8351
6.3819 4.8294 4.8475 4.9320 5.1076 5.0510 5.1727 4.8294
6.3920 4.8236 4.8423 4.9256 5.0988 5.0429 5.1637 4.8236
6.4020 4.8180 4.8371 4.9191 5.0899 5.0349 5.1547 4.8180
6.4121 4.8126 4.8316 4.9123 5.0802 5.0274 5.1460 4.8126
6.4221 4.8072 4.8261 4.9055 5.0705 5.0198 5.1372 4.8072
6.4322 4.8018 4.8206 4.8987 5.0609 5.0122 5.1285 4.8018
6.4422 4.7964 4.8151 4.8919 5.0512 5.0047 5.1197 4.7964
6.4523 4.7911 4.8100 4.8853 5.0416 4.9971 5.1109 4.7911
6.4623 4.7864 4.8064 4.8796 5.0320 4.9894 5.1016 4.7864
6.4724 4.7816 4.8028 4.8738 5.0224 4.9817 5.0924 4.7816
6.4824 4.7768 4.7991 4.8681 5.0128 4.9740 5.0831 4.7768
6.4925 4.7721 4.7955 4.8623 5.0033 4.9663 5.0739 4.7721
6.5025 4.7669 4.7918 4.8564 4.9938 4.9588 5.0645 4.7669
6.5126 4.7605 4.7879 4.8499 4.9846 4.9519 5.0549 4.7605
6.5226 4.7541 4.7840 4.8434 4.9755 4.9449 5.0453 4.7541
6.5327 4.7477 4.7801 4.8369 4.9664 4.9380 5.0356 4.7477
6.5427 4.7413 4.7761 4.8304 4.9572 4.9311 5.0260 4.7413
6.5528 4.7350 4.7724 4.8241 4.9483 4.9240 5.0161 4.7350
6.5628 4.7292 4.7691 4.8182 4.9401 4.9164 5.0054 4.7292
6.5729 4.7234 4.7659 4.8124 4.9319 4.9089 4.9946 4.7234
6.5829 4.7176 4.7626 4.8066 4.9237 4.9013 4.9839 4.7176
6.5930 4.7119 4.7594 4.8008 4.9156 4.8937 4.9732 4.7119
6.6030 4.7064 4.7559 4.7949 4.9075 4.8865 4.9622 4.7064
6.6131 4.7015 4.7520 4.7892 4.8997 4.8798 4.9505 4.7015
6.6231 4.6967 4.7482 4.7834 4.8918 4.8732 4.9389 4.6967
6.6332 4.6919 4.7443 4.7777 4.8840 4.8666 4.9272 4.6919
6.6432 4.6870 4.7404 4.7719 4.8762 4.8600 4.9156 4.6870
6.6533 4.6824 4.7364 4.7660 4.8681 4.8527 4.9038 4.6824
6.6633 4.6783 4.7321 4.7596 4.8595 4.8441 4.8918 4.6783
6.6734 4.6742 4.7279 4.7532 4.8508 4.8355 4.8798 4.6742
6.6834 4.6700 4.7236 4.7469 4.8422 4.8269 4.8678 4.6700
6.6935 4.6659 4.7193 4.7405 4.8335 4.8182 4.8559 4.6659
6.7035 4.6610 4.7149 4.7337 4.8245 4.8099 4.8434 4.6610
6.7136 4.6547 4.7101 4.7261 4.8148 4.8019 4.8302 4.6547
6.7236 4.6484 4.7054 4.7185 4.8051 4.7940 4.8169 4.6484
6.7337 4.6420 4.7006 4.7109 4.7954 4.7860 4.8037 4.6420
6.7437 4.6357 4.6959 4.7033 4.7857 4.7781 4.7905 4.6357
6.7538 4.6296 4.6908 4.6959 4.7763 4.7698 4.7775 4.6296
6.7638 4.6239 4.6851 4.6888 4.7675 4.7610 4.7650 4.6239
6.7739 4.6182 4.6795 4.6816 4.7587 4.7522 4.7525 4.6182
6.7839 4.6124 4.6738 4.6745 4.7499 4.7435 4.7400 4.6124
6.7940 4.6067 4.6681 4.6674 4.7411 4.7347 4.7275 4.6067
6.8040 4.6007 4.6618 4.6598 4.7319 4.7252 4.7148 4.6007
6.8141 4.5942 4.6546 4.6514 4.7220 4.7146 4.7017 4.5942
6.8241 4.5877 4.6474 4.6430 4.7121 4.7041 4.6887 4.5877
6.8342 4.5812 4.6402 4.6346 4.7022 4.6935 4.6756 4.5812
6.8442 4.5747 4.6330 4.6261 4.6923 4.6829 4.6626 4.5747
6.8543 4.5684 4.6255 4.6177 4.6828 4.6725 4.6490 4.5684
6.8643 4.5624 4.6178 4.6091 4.6738 4.6622 4.6348 4.5624
6.8744 4.5563 4.6100 4.6006 4.6648 4.6520 4.6206 4.5563
6.8844 4.5503 4.6022 4.5920 4.6558 4.6417 4.6064 4.5503
6.8945 4.5442 4.5945 4.5835 4.6469 4.6315 4.5922 4.5442
6.9045 4.5371 4.5864 4.5748 4.6373 4.6209 4.5784 4.5371
6.9146 4.5286 4.5780 4.5660 4.6272 4.6101 4.5650 4.5286
6.9246 4.5201 4.5696 4.5572 4.6170 4.5992 4.5516 4.5201
6.9347 4.5117 4.5613 4.5485 4.6068 4.5883 4.5382 4.5117
6.9447 4.5032 4.5529 4.5397 4.5966 4.5775 4.5249 4.5032
6.9548 4.4950 4.5454 4.5303 4.5865 4.5665 4.5116 4.4950
6.9648 4.4872 4.5388 4.5201 4.5763 4.5553 4.4983 4.4872
6.9749 4.4793 4.5323 4.5100 4.5661 4.5442 4.4851 4.4793
6.9849 4.4715 4.5257 4.4999 4.5560 4.5331 4.4718 4.4715
6.9950 4.4636 4.5192 4.4898 4.5458 4.5220 4.4586 4.4636
7.0050 4.4555 4.5109 4.4791 4.5354 4.5106 4.4444 4.4555
7.0151 4.4472 4.5008 4.4679 4.5249 4.4991 4.4294 4.4472
7.0251 4.4389 4.4908 4.4567 4.5143 4.4876 4.4143 4.4389
7.0352 4.4306 4.4807 4.4455 4.5037 4.4760 4.3992 4.4306
7.0452 4.4223 4.4707 4.4344 4.4931 4.4645 4.3842 4.4223
7.0553 4.4135 4.4596 4.4235 4.4823 4.4530 4.3702 4.4135
7.0653 4.4043 4.4477 4.4130 4.4713 4.4414 4.3573 4.4043
7.0754 4.3950 4.4357 4.4024 4.4603 4.4299 4.3443 4.3950
7.0854 4.3858 4.4238 4.3919 4.4493 4.4183 4.3314 4.3858
7.0955 4.3766 4.4119 4.3814 4.4383 4.4067 4.3184 4.3766
7.1055 4.3665 4.3992 4.3705 4.4279 4.3948 4.3059 4.3665
7.1156 4.3558 4.3859 4.3594 4.4179 4.3826 4.2939 4.3558
7.1256 4.3451 4.3726 4.3483 4.4079 4.3704 4.2818 4.3451
7.1357 4.3344 4.3593 4.3372 4.3979 4.3581 4.2697 4.3344
7.1457 4.3236 4.3460 4.3261 4.3879 4.3459 4.2577 4.3236
7.1558 4.3129 4.3340 4.3146 4.3764 4.3330 4.2452 4.3129
7.1658 4.3022 4.3229 4.3028 4.3636 4.3196 4.2326 4.3022
7.1759 4.2915 4.3117 4.2910 4.3509 4.3062 4.2199 4.2915
7.1859 4.2807 4.3006 4.2792 4.3382 4.2928 4.2072 4.2807
7.1960 4.2700 4.2894 4.2673 4.3255 4.2793 4.1945 4.2700
7.2060 4.2584 4.2781 4.2549 4.3125 4.2659 4.1822 4.2584
7.2161 4.2462 4.2665 4.2422 4.2994 4.2524 4.1701 4.2462
7.2261 4.2340 4.2550 4.2294 4.2863 4.2389 4.1579 4.2340
7.2362 4.2218 4.2434 4.2166 4.2732 4.2254 4.1458 4.2218
7.2462 4.2096 4.2319 4.2038 4.2601 4.2119 4.1337 4.2096
7.2563 4.1981 4.2205 4.1916 4.2471 4.1984 4.1221 4.1981
7.2663 4.1871 4.2092 4.1797 4.2342 4.1851 4.1109 4.1871
7.2764 4.1762 4.1979 4.1678 4.2212 4.1717 4.0997 4.1762
7.2864 4.1652 4.1866 4.1559 4.2083 4.1584 4.0885 4.1652
7.2965 4.1542 4.1754 4.1440 4.1954 4.1450 4.0773 4.1542
7.3065 4.1432 4.1641 4.1320 4.1826 4.1320 4.0650 4.1432
7.3166 4.1322 4.1527 4.1198 4.1699 4.1192 4.0520 4.1322
7.3266 4.1213 4.1414 4.1076 4.1572 4.1064 4.0390 4.1213
7.3367 4.1103 4.1301 4.0955 4.1444 4.0937 4.0260 4.1103
7.3467 4.0993 4.1188 4.0833 4.1317 4.0809 4.0130 4.0993
7.3568 4.0876 4.1071 4.0716 4.1197 4.0685 4.0008 4.0876
7.3668 4.0754 4.0953 4.0600 4.1079 4.0563 3.9890 4.0754
7.3769 4.0633 4.0834 4.0485 4.0962 4.0441 3.9773 4.0633
7.3869 4.0511 4.0716 4.0369 4.0845 4.0319 3.9655 4.0511
7.3970 4.0390 4.0597 4.0253 4.0727 4.0197 3.9537 4.0390
7.4070 4.0261 4.0470 4.0127 4.0597 4.0082 3.9420 4.0261
7.4171 4.0130 4.0339 3.9997 4.0462 3.9969 3.9303 4.0130
7.4271 3.9998 4.0208 3.9866 4.0326 3.9857 3.9186 3.9998
7.4372 3.9867 4.0077 3.9736 4.0191 3.9744 3.9069 3.9867
7.4472 3.9735 3.9946 3.9605 4.0055 3.9632 3.8952 3.9735
7.4573 3.9599 3.9821 3.9475 3.9919 3.9511 3.8823 3.9599
7.4673 3.9462 3.9698 3.9345 3.9783 3.9388 3.8688 3.9462
7.4774 3.9324 3.9576 3.9215 3.9646 3.9265 3.8554 3.9324
7.4874 3.9186 3.9453 3.9085 3.9509 3.9142 3.8420 3.9186
7.4975 3.9049 3.9331 3.8955 3.9373 3.9019 3.8286 3.9049
7.5075 3.8909 3.9206 3.8823 3.9243 3.8899 3.8158 3.8909
7.5176 3.8768 3.9080 3.8689 3.9116 3.8781 3.8033 3.8768
7.5276 3.8628 3.8954 3.8555 3.8989 3.8663 3.7907 3.8628
7.5377 3.8487 3.8828 3.8422 3.8862 3.8545 3.7781 3.8487
7.5477 3.8347 3.8702 3.8288 3.8734 3.8426 3.7656 3.8347
7.5578 3.8214 3.8571 3.8162 3.8617 3.8315 3.7544 3.8214
7.5678 3.8084 3.8438 3.8038 3.8502 3.8206 3.7436 3.8084
7.5779 3.7953 3.8305 3.7914 3.8387 3.8097 3.7328 3.7953
7.5879 3.7823 3.8172 3.7790 3.8272 3.7988 3.7220 3.7823
7.5980 3.7692 3.8038 3.7666 3.8157 3.7879 3.7112 3.7692
7.6080 3.7560 3.7919 3.7542 3.8034 3.7768 3.7004 3.7560
7.6181 3.7428 3.7802 3.7419 3.7908 3.7656 3.6895 3.7428
7.6281 3.7296 3.7686 3.7295 3.7782 3.7544 3.6786 3.7296
7.6382 3.7164 3.7569 3.7172 3.7656 3.7432 3.6678 3.7164
7.6482 3.7032 3.7453 3.7049 3.7530 3.7320 3.6569 3.7032
7.6583 3.6884 3.7331 3.6920 3.7406 3.7198 3.6460 3.6884
7.6683 3.6734 3.7207 3.6790 3.7282 3.7073 3.6351 3.6734
7.6784 3.6583 3.7084 3.6660 3.7158 3.6949 3.6243 3.6583
7.6884 3.6433 3.6961 3.6530 3.7034 3.6824 3.6134 3.6433
7.6985 3.6282 3.6837 3.6400 3.6910 3.6700 3.6025 3.6282
7.7085 3.6133 3.6713 3.6279 3.6792 3.6595 3.5920 3.6133
7.7186 3.5983 3.6588 3.6159 3.6676 3.6493 3.5815 3.5983
7.7286 3.5834 3.6463 3.6040 3.6559 3.6391 3.5710 3.5834
7.7387 3.5685 3.6339 3.5920 3.6442 3.6289 3.5605 3.5685
7.7487 3.5535 3.6214 3.5800 3.6325 3.6187 3.5501 3.5535
7.7588 3.5387 3.6085 3.5681 3.6210 3.6073 3.5400 3.5387
7.7688 3.5240 3.5956 3.5562 3.6094 3.5957 3.5301 3.5240
7.7789 3.5092 3.5827 3.5442 3.5979 3.5841 3.5201 3.5092
7.7889 3.4944 3.5697 3.5323 3.5863 3.5725 3.5101 3.4944
7.7990 3.4797 3.5568 3.5204 3.5747 3.5609 3.5002 3.4797
7.8090 3.4656 3.5436 3.5087 3.5634 3.5492 3.4915 3.4656
7.8191 3.4515 3.5305 3.4970 3.5522 3.5374 3.4829 3.4515
7.8291 3.4375 3.5173 3.4853 3.5409 3.5257 3.4743 3.4375
7.8392 3.4235 3.5041 3.4736 3.5297 3.5139 3.4658 3.4235
7.8492 3.4095 3.4909 3.4620 3.5184 3.5022 3.4572 3.4095
7.8593 3.3965 3.4781 3.4499 3.5084 3.4909 3.4489 3.3965
7.8693 3.3836 3.4653 3.4379 3.4985 3.4797 3.4405 3.3836
7.8794 3.3708 3.4526 3.4259 3.4886 3.4685 3.4322 3.3708
7.8894 3.3579 3.4398 3.4138 3.4787 3.4573 3.4238 3.3579
7.8995 3.3450 3.4270 3.4018 3.4688 3.4461 3.4155 3.3450
7.9095 3.3327 3.4155 3.3903 3.4575 3.4355 3.4074 3.3327
7.9196 3.3204 3.4040 3.3788 3.4462 3.4249 3.3994 3.3204
7.9296 3.3082 3.3926 3.3673 3.4349 3.4143 3.3914 3.3082
7.9397 3.2959 3.3811 3.3558 3.4236 3.4037 3.3833 3.2959
7.9497 3.2836 3.3696 3.3443 3.4123 3.3931 3.3753 3.2836
7.9598 3.2735 3.3574 3.3332 3.4022 3.3836 3.3687 3.2735
7.9698 3.2634 3.3452 3.3220 3.3920 3.3742 3.3622 3.2634
7.9799 3.2533 3.3330 3.3109 3.3819 3.3647 3.3556 3.2533
7.9899 3.2432 3.3208 3.2997 3.3718 3.3553 3.3491 3.2432
8.0000 3.2332 3.3086 3.2885 3.3616 3.3459 3.3426 3.2332
8.0101 3.2231 3.2976 3.2794 3.3528 3.3366 3.3347 3.2231
8.0201 3.2131 3.2866 3.2703 3.3439 3.3273 3.3268 3.2131
8.0302 3.2031 3.2756 3.2612 3.3351 3.3180 3.3189 3.2031
8.0402 3.1930 3.2646 3.2521 3.3262 3.3087 3.3110 3.1930
8.0503 3.1830 3.2536 3.2430 3.3174 3.2995 3.3032 3.1830
8.0603 3.1730 3.2420 3.2338 3.3082 3.2903 3.2968 3.1730
8.0704 3.1631 3.2304 3.2245 3.2990 3.2811 3.2903 3.1631
8.0804 3.1531 3.2189 3.2153 3.2897 3.2719 3.2839 3.1531
8.0905 3.1432 3.2073 3.2060 3.2805 3.2627 3.2775 3.1432
8.1005 3.1333 3.1958 3.1968 3.2714 3.2535 3.2711 3.1333
8.1106 3.1243 3.1855 3.1888 3.2632 3.2452 3.2645 3.1243
8.1206 3.1153 3.1753 3.1808 3.2550 3.2368 3.2579 3.1153
8.1307 3.1063 3.1651 3.1727 3.2468 3.2284 3.2512 3.1063
8.1407 3.0974 3.1549 3.1647 3.2386 3.2200 3.2446 3.0974
8.1508 3.0884 3.1450 3.1567 3.2304 3.2117 3.2380 3.0884
8.1608 3.0792 3.1387 3.1485 3.2221 3.2046 3.2317 3.0792
8.1709 3.0700 3.1325 3.1402 3.2138 3.1975 3.2254 3.0700
8.1809 3.0608 3.1262 3.1320 3.2054 3.1904 3.2190 3.0608
8.1910 3.0516 3.1199 3.1238 3.1971 3.1834 3.2127 3.0516
8.2010 3.0425 3.1135 3.1157 3.1888 3.1762 3.2064 3.0425
8.2111 3.0347 3.1059 3.1087 3.1811 3.1685 3.2003 3.0347
8.2211 3.0269 3.0982 3.1017 3.1733 3.1608 3.1943 3.0269
8.2312 3.0192 3.0906 3.0948 3.1656 3.1531 3.1883 3.0192
8.2412 3.0114 3.0830 3.0878 3.1578 3.1454 3.1823 3.0114
8.2513 3.0039 3.0754 3.0811 3.1503 3.1378 3.1763 3.0039
8.2613 2.9981 3.0685 3.0759 3.1441 3.1314 3.1706 2.9981
8.2714 2.9924 3.0615 3.0707 3.1378 3.1250 3.1649 2.9924
8.2814 2.9867 3.0545 3.0654 3.1316 3.1187 3.1593 2.9867
8.2915 2.9810 3.0475 3.0602 3.1254 3.1123 3.1536 2.9810
8.3015 2.9753 3.0407 3.0551 3.1192 3.1060 3.1480 2.9753
8.3116 2.9696 3.0345 3.0499 3.1139 3.1001 3.1429 2.9696
8.3216 2.9640 3.0284 3.0448 3.1085 3.0942 3.1377 2.9640
8.3317 2.9583 3.0222 3.0397 3.1031 3.0883 3.1326 2.9583
8.3417 2.9527 3.0161 3.0346 3.0977 3.0825 3.1275 2.9527
8.3518 2.9472 3.0101 3.0297 3.0924 3.0769 3.1225 2.9472
8.3618 2.9423 3.0051 3.0256 3.0875 3.0729 3.1180 2.9423
8.3719 2.9375 3.0001 3.0215 3.0826 3.0688 3.1136 2.9375
8.3819 2.9326 2.9951 3.0174 3.0776 3.0648 3.1091 2.9326
8.3920 2.9278 2.9901 3.0133 3.0727 3.0607 3.1047 2.9278
8.4020 2.9229 2.9851 3.0092 3.0678 3.0566 3.1000 2.9229
8.4121 2.9178 2.9802 3.0048 3.0629 3.0521 3.0943 2.9178
8.4221 2.9127 2.9752 3.0005 3.0580 3.0476 3.0886 2.9127
8.4322 2.9076 2.9703 2.9962 3.0532 3.0432 3.0829 2.9076
8.4422 2.9025 2.9654 2.9919 3.0483 3.0387 3.0772 2.9025
8.4523 2.8977 2.9607 2.9877 3.0435 3.0342 3.0715 2.8977
8.4623 2.8937 2.9570 2.9840 3.0390 3.0297 3.0656 2.8937
8.4724 2.8898 2.9532 2.9803 3.0346 3.0251 3.0598 2.8898
8.4824 2.8859 2.9494 2.9766 3.0301 3.0206 3.0540 2.8859
8.4925 2.8819 2.9456 2.9729 3.0256 3.0160 3.0482 2.8819
8.5025 2.8785 2.9416 2.9695 3.0215 3.0119 3.0430 2.8785
8.5126 2.8765 2.9371 2.9669 3.0181 3.0088 3.0398 2.8765
8.5226 2.8745 2.9326 2.9643 3.0148 3.0057 3.0366 2.8745
8.5327 2.8725 2.9281 2.9618 3.0114 3.0026 3.0333 2.8725
8.5427 2.8705 2.9236 2.9592 3.0081 2.9995 3.0301 2.8705
8.5528 2.8686 2.9198 2.9567 3.0051 2.9966 3.0270 2.8686
8.5628 2.8667 2.9178 2.9546 3.0030 2.9941 3.0245 2.8667
8.5729 2.8647 2.9159 2.9525 3.0009 2.9916 3.0219 2.8647
8.5829 2.8628 2.9140 2.9503 2.9988 2.9890 3.0193 2.8628
8.5930 2.8609 2.9121 2.9482 2.9967 2.9865 3.0168 2.8609
8.6030 2.8588 2.9109 2.9463 2.9941 2.9839 3.0139 2.8588
8.6131 2.8564 2.9117 2.9447 2.9904 2.9811 3.0104 2.8564
8.6231 2.8540 2.9125 2.9431 2.9867 2.9783 3.0069 2.8540
8.6332 2.8515 2.9133 2.9416 2.9829 2.9755 3.0035 2.8515
8.6432 2.8491 2.9140 2.9400 2.9792 2.9727 3.0000 2.8491
8.6533 2.8466 2.9143 2.9382 2.9764 2.9700 2.9969 2.8466
8.6633 2.8439 2.9135 2.9360 2.9755 2.9675 2.9948 2.8439
8.6734 2.8412 2.9128 2.9339 2.9746 2.9650 2.9927 2.8412
8.6834 2.8385 2.9120 2.9317 2.9737 2.9624 2.9905 2.8385
8.6935 2.8358 2.9112 2.9295 2.9728 2.9599 2.9884 2.8358
8.7035 2.8335 2.9103 2.9275 2.9717 2.9576 2.9859 2.8335
8.7136 2.8322 2.9092 2.9260 2.9699 2.9556 2.9825 2.8322
8.7236 2.8309 2.9080 2.9244 2.9682 2.9535 2.9791 2.8309
8.7337 2.8296 2.9069 2.9228 2.9664 2.9515 2.9758 2.8296
8.7437 2.8282 2.9057 2.9213 2.9647 2.9495 2.9724 2.8282
8.7538 2.8272 2.9048 2.9199 2.9628 2.9473 2.9696 2.8272
8.7638 2.8266 2.9042 2.9188 2.9609 2.9448 2.9678 2.8266
8.7739 2.8260 2.9036 2.9176 2.9590 2.9423 2.9659 2.8260
8.7839 2.8254 2.9029 2.9165 2.9571 2.9398 2.9640 2.8254
8.7940 2.8248 2.9023 2.9154 2.9552 2.9373 2.9621 2.8248
8.8040 2.8249 2.9020 2.9139 2.9537 2.9348 2.9602 2.8249
8.8141 2.8258 2.9020 2.9119 2.9528 2.9325 2.9582 2.8258
8.8241 2.8268 2.9021 2.9098 2.9520 2.9301 2.9562 2.8268
8.8342 2.8278 2.9022 2.9078 2.9511 2.9278 2.9543 2.8278
8.8442 2.8288 2.9022 2.9057 2.9503 2.9255 2.9523 2.8288
8.8543 2.8290 2.9023 2.9036 2.9492 2.9232 2.9503 2.8290
8.8643 2.8281 2.9023 2.9013 2.9479 2.9210 2.9483 2.8281
8.8744 2.8272 2.9023 2.8990 2.9465 2.9188 2.9463 2.8272
8.8844 2.8263 2.9023 2.8967 2.9451 2.9167 2.9443 2.8263
8.8945 2.8254 2.9023 2.8944 2.9437 2.9145 2.9423 2.8254
8.9045 2.8254 2.9021 2.8925 2.9421 2.9123 2.9402 2.8254
8.9146 2.8264 2.9019 2.8911 2.9403 2.9102 2.9382 2.8264
8.9246 2.8274 2.9016 2.8896 2.9384 2.9080 2.9361 2.8274
8.9347 2.8284 2.9013 2.8882 2.9365 2.9058 2.9340 2.8284
8.9447 2.8295 2.9010 2.8867 2.9346 2.9037 2.9319 2.8295
8.9548 2.8301 2.9004 2.8853 2.9325 2.9013 2.9297 2.8301
8.9648 2.8303 2.8993 2.8837 2.9301 2.8987 2.9274 2.8303
8.9749 2.8306 2.8981 2.8822 2.9277 2.8961 2.9251 2.8306
8.9849 2.8308 2.8970 2.8807 2.9253 2.8935 2.9229 2.8308
8.9950 2.8310 2.8959 2.8792 2.9230 2.8908 2.9206 2.8310
9.0050 2.8311 2.8947 2.8780 2.9210 2.8881 2.9180 2.8311
9.0151 2.8310 2.8932 2.8771 2.9196 2.8853 2.9151 2.8310
9.0251 2.8310 2.8918 2.8762 2.9181 2.8825 2.9122 2.8310
9.0352 2.8309 2.8904 2.8754 2.9166 2.8797 2.9093 2.8309
9.0452 2.8308 2.8889 2.8745 2.9151 2.8769 2.9064 2.8308
9.0553 2.8307 2.8871 2.8729 2.9128 2.8739 2.9035 2.8307
9.0653 2.8305 2.8848 2.8707 2.9099 2.8706 2.9008 2.8305
9.0754 2.8304 2.8825 2.8686 2.9069 2.8673 2.8980 2.8304
9.0854 2.8302 2.8803 2.8664 2.9039 2.8640 2.8953 2.8302
9.0955 2.8301 2.8780 2.8642 2.9009 2.8607 2.8926 2.8301
9.1055 2.8290 2.8761 2.8619 2.8980 2.8580 2.8901 2.8290
9.1156 2.8271 2.8745 2.8594 2.8952 2.8558 2.8880 2.8271
9.1256 2.8253 2.8729 2.8570 2.8924 2.8536 2.8858 2.8253
9.1357 2.8234 2.8713 2.8545 2.8896 2.8514 2.8837 2.8234
9.1457 2.8216 2.8697 2.8520 2.8868 2.8491 2.8815 2.8216
9.1558 2.8199 2.8677 2.8494 2.8835 2.8461 2.8789 2.8199
9.1658 2.8182 2.8653 2.8466 2.8798 2.8423 2.8759 2.8182
9.1759 2.8166 2.8629 2.8438 2.8761 2.8386 2.8729 2.8166
9.1859 2.8150 2.8605 2.8410 2.8725 2.8349 2.8699 2.8150
9.1960 2.8134 2.8581 2.8383 2.8688 2.8312 2.8669 2.8134
9.2060 2.8119 2.8549 2.8353 2.8651 2.8271 2.8638 2.8119
9.2161 2.8105 2.8511 2.8323 2.8613 2.8227 2.8607 2.8105
9.2261 2.8091 2.8474 2.8293 2.8576 2.8183 2.8576 2.8091
9.2362 2.8077 2.8437 2.8263 2.8538 2.8139 2.8545 2.8077
9.2462 2.8062 2.8399 2.8232 2.8501 2.8095 2.8513 2.8062
9.2563 2.8045 2.8366 2.8206 2.8463 2.8058 2.8481 2.8045
9.2663 2.8027 2.8335 2.8182 2.8425 2.8025 2.8448 2.8027
9.2764 2.8008 2.8304 2.8158 2.8387 2.7991 2.8414 2.8008
9.2864 2.7989 2.8272 2.8134 2.8350 2.7958 2.8381 2.7989
9.2965 2.7970 2.8241 2.8110 2.8312 2.7924 2.8348 2.7970
9.3065 2.7922 2.8187 2.8060 2.8270 2.7884 2.8312 2.7922
9.3166 2.7859 2.8121 2.7995 2.8227 2.7839 2.8275 2.7859
9.3266 2.7796 2.8055 2.7930 2.8183 2.7795 2.8238 2.7796
9.3367 2.7733 2.7988 2.7865 2.8139 2.7751 2.8201 2.7733
9.3467 2.7669 2.7922 2.7800 2.8095 2.7707 2.8164 2.7669
9.3568 2.7640 2.7884 2.7764 2.8051 2.7661 2.8123 2.7640
9.3668 2.7628 2.7859 2.7743 2.8006 2.7616 2.8080 2.7628
9.3769 2.7615 2.7834 2.7722 2.7961 2.7570 2.8037 2.7615
9.3869 2.7602 2.7809 2.7700 2.7916 2.7525 2.7994 2.7602
9.3970 2.7590 2.7784 2.7679 2.7871 2.7479 2.7950 2.7590
9.4070 2.7567 2.7755 2.7653 2.7817 2.7427 2.7901 2.7567
9.4171 2.7541 2.7723 2.7625 2.7759 2.7373 2.7848 2.7541
9.4271 2.7514 2.7691 2.7597 2.7701 2.7319 2.7795 2.7514
9.4372 2.7488 2.7659 2.7569 2.7643 2.7265 2.7742 2.7488
9.4472 2.7461 2.7627 2.7541 2.7586 2.7211 2.7690 2.7461
9.4573 2.7437 2.7597 2.7513 2.7527 2.7157 2.7629 2.7437
9.4673 2.7413 2.7567 2.7486 2.7468 2.7103 2.7566 2.7413
9.4774 2.7390 2.7538 2.7458 2.7409 2.7049 2.7503 2.7390
9.4874 2.7366 2.7508 2.7431 2.7350 2.6994 2.7439 2.7366
9.4975 2.7343 2.7478 2.7403 2.7291 2.6940 2.7376 2.7343
9.5075 2.7314 2.7442 2.7371 2.7225 2.6889 2.7316 2.7314
9.5176 2.7283 2.7403 2.7338 2.7157 2.6840 2.7258 2.7283
9.5276 2.7252 2.7365 2.7304 2.7089 2.6790 2.7199 2.7252
9.5377 2.7221 2.7326 2.7271 2.7021 2.6741 2.7141 2.7221
9.5477 2.7190 2.7288 2.7237 2.6953 2.6691 2.7082 2.7190
9.5578 2.7149 2.7264 2.7200 2.6886 2.6643 2.7024 2.7149
9.5678 2.7105 2.7244 2.7161 2.6820 2.6595 2.6966 2.7105
9.5779 2.7062 2.7224 2.7122 2.6754 2.6547 2.6907 2.7062
9.5879 2.7018 2.7204 2.7083 2.6688 2.6499 2.6849 2.7018
9.5980 2.6974 2.7185 2.7044 2.6621 2.6451 2.6791 2.6974
9.6080 2.6933 2.7154 2.7009 2.6560 2.6391 2.6725 2.6933
9.6181 2.6892 2.7120 2.6974 2.6501 2.6328 2.6657 2.6892
9.6281 2.6851 2.7086 2.6939 2.6441 2.6265 2.6590 2.6851
9.6382 2.6810 2.7053 2.6905 2.6382 2.6202 2.6522 2.6810
9.6482 2.6769 2.7019 2.6870 2.6322 2.6139 2.6454 2.6769
9.6583 2.6718 2.6975 2.6823 2.6269 2.6085 2.6389 2.6718
9.6683 2.6666 2.6929 2.6774 2.6218 2.6032 2.6323 2.6666
9.6784 2.6613 2.6882 2.6725 2.6166 2.5980 2.6258 2.6613
9.6884 2.6561 2.6836 2.6676 2.6114 2.5927 2.6192 2.6561
9.6985 2.6508 2.6790 2.6627 2.6063 2.5875 2.6127 2.6508
9.7085 2.6457 2.6741 2.6582 2.6006 2.5825 2.6052 2.6457
9.7186 2.6407 2.6692 2.6537 2.5948 2.5776 2.5975 2.6407
9.7286 2.6356 2.6643 2.6492 2.5890 2.5727 2.5898 2.6356
9.7387 2.6305 2.6594 2.6447 2.5832 2.5678 2.5822 2.6305
9.7487 2.6254 2.6545 2.6402 2.5774 2.5628 2.5745 2.6254
9.7588 2.6197 2.6500 2.6352 2.5724 2.5579 2.5678 2.6197
9.7688 2.6139 2.6456 2.6301 2.5675 2.5529 2.5612 2.6139
9.7789 2.6081 2.6411 2.6250 2.5626 2.5479 2.5547 2.6081
9.7889 2.6023 2.6367 2.6199 2.5577 2.5429 2.5481 2.6023
9.7990 2.5965 2.6322 2.6148 2.5528 2.5379 2.5416 2.5965
9.8090 2.5906 2.6275 2.6090 2.5471 2.5319 2.5342 2.5906
9.8191 2.5847 2.6228 2.6032 2.5414 2.5258 2.5268 2.5847
9.8291 2.5789 2.6180 2.5974 2.5356 2.5196 2.5193 2.5789
9.8392 2.5730 2.6133 2.5915 2.5299 2.5134 2.5119 2.5730
9.8492 2.5672 2.6085 2.5857 2.5241 2.5073 2.5044 2.5672
9.8593 2.5607 2.6026 2.5802 2.5183 2.5010 2.4976 2.5607
9.8693 2.5541 2.5965 2.5747 2.5124 2.4947 2.4908 2.5541
9.8794 2.5476 2.5905 2.5692 2.5065 2.4884 2.4840 2.5476
9.8894 2.5410 2.5844 2.5638 2.5006 2.4822 2.4772 2.5410
9.8995 2.5345 2.5783 2.5583 2.4948 2.4759 2.4704 2.5345
9.9095 2.5298 2.5725 2.5527 2.4887 2.4707 2.4640 2.5298
9.9196 2.5252 2.5666 2.5471 2.4826 2.4656 2.4577 2.5252
9.9296 2.5205 2.5608 2.5416 2.4765 2.4605 2.4513 2.5205
9.9397 2.5159 2.5549 2.5360 2.4704 2.4553 2.4450 2.5159
9.9497 2.5113 2.5490 2.5304 2.4643 2.4502 2.4386 2.5113
9.9598 2.5059 2.5438 2.5249 2.4581 2.4444 2.4321 2.5059
9.9698 2.5005 2.5386 2.5193 2.4519 2.4384 2.4255 2.5005
9.9799 2.4951 2.5334 2.5138 2.4457 2.4325 2.4190 2.4951
9.9899 2.4897 2.5282 2.5083 2.4394 2.4266 2.4124 2.4897
10.0000 2.4843 2.5230 2.5027 2.4332 2.4207 2.4059 2.4843
10.0101 2.4790 2.5167 2.4975 2.4281 2.4152 2.4004 2.4790
10.0201 2.4736 2.5104 2.4923 2.4230 2.4096 2.3950 2.4736
10.0302 2.4682 2.5041 2.4871 2.4178 2.4040 2.3895 2.4682
10.0402 2.4629 2.4978 2.4819 2.4127 2.3985 2.3840 2.4629
10.0503 2.4575 2.4915 2.4767 2.4075 2.3929 2.3785 2.4575
10.0603 2.4517 2.4847 2.4708 2.4021 2.3865 2.3728 2.4517
10.0704 2.4459 2.4780 2.4649 2.3967 2.3802 2.3670 2.4459
10.0804 2.4401 2.4712 2.4590 2.3912 2.3739 2.3613 2.4401
10.0905 2.4344 2.4645 2.4531 2.3858 2.3676 2.3555 2.4344
10.1005 2.4286 2.4578 2.4473 2.3803 2.3613 2.3498 2.4286
10.1106 2.4225 2.4518 2.4413 2.3746 2.3552 2.3444 2.4225
10.1206 2.4165 2.4459 2.4354 2.3688 2.3492 2.3391 2.4165
10.1307 2.4104 2.4399 2.4295 2.3630 2.3431 2.3337 2.4104
10.1407 2.4044 2.4340 2.4236 2.3573 2.3371 2.3284 2.4044
10.1508 2.3985 2.4281 2.4178 2.3516 2.3310 2.3230 2.3985
10.1608 2.3947 2.4233 2.4128 2.3473 2.3248 2.3176 2.3947
10.1709 2.3908 2.4185 2.4078 2.3429 2.3187 2.3122 2.3908
10.1809 2.3870 2.4136 2.4028 2.3386 2.3125 2.3068 2.3870
10.1910 2.3832 2.4088 2.3978 2.3343 2.3063 2.3014 2.3832
10.2010 2.3791 2.4038 2.3927 2.3298 2.3002 2.2959 2.3791
10.2111 2.3726 2.3978 2.3870 2.3242 2.2938 2.2901 2.3726
10.2211 2.3661 2.3917 2.3813 2.3186 2.2874 2.2842 2.3661
10.2312 2.3596 2.3857 2.3756 2.3129 2.2810 2.2784 2.3596
10.2412 2.3532 2.3796 2.3699 2.3073 2.2746 2.2725 2.3532
10.2513 2.3467 2.3736 2.3643 2.3018 2.2682 2.2667 2.3467
10.2613 2.3407 2.3679 2.3594 2.2968 2.2620 2.2608 2.3407
10.2714 2.3347 2.3622 2.3545 2.2919 2.2558 2.2549 2.3347
10.2814 2.3286 2.3564 2.3496 2.2870 2.2496 2.2491 2.3286
10.2915 2.3226 2.3507 2.3447 2.2820 2.2434 2.2432 2.3226
10.3015 2.3168 2.3452 2.3399 2.2770 2.2372 2.2373 2.3168
10.3116 2.3121 2.3412 2.3357 2.2716 2.2311 2.2317 2.3121
10.3216 2.3075 2.3371 2.3314 2.2661 2.2250 2.2261 2.3075
10.3317 2.3029 2.3331 2.3271 2.2606 2.2189 2.2205 2.3029
10.3417 2.2983 2.3291 2.3228 2.2551 2.2127 2.2149 2.2983
10.3518 2.2937 2.3251 2.3186 2.2496 2.2066 2.2093 2.2937
10.3618 2.2894 2.3216 2.3147 2.2441 2.2004 2.2037 2.2894
10.3719 2.2852 2.3181 2.3108 2.2385 2.1943 2.1982 2.2852
10.3819 2.2809 2.3146 2.3068 2.2330 2.1881 2.1926 2.2809
10.3920 2.2766 2.3111 2.3029 2.2274 2.1819 2.1870 2.2766
10.4020 2.2724 2.3077 2.2991 2.2219 2.1757 2.1815 2.2724
10.4121 2.2685 2.3047 2.2955 2.2162 2.1695 2.1759 2.2685
10.4221 2.2645 2.3017 2.2919 2.2106 2.1633 2.1704 2.2645
10.4322 2.2606 2.2987 2.2884 2.2050 2.1570 2.1649 2.2606
10.4422 2.2566 2.2957 2.2848 2.1994 2.1508 2.1594 2.2566
10.4523 2.2528 2.2928 2.2813 2.1937 2.1446 2.1539 2.2528
10.4623 2.2492 2.2903 2.2782 2.1880 2.1383 2.1484 2.2492
10.4724 2.2456 2.2878 2.2750 2.1824 2.1320 2.1429 2.2456
10.4824 2.2420 2.2853 2.2718 2.1767 2.1257 2.1374 2.2420
10.4925 2.2384 2.2829 2.2686 2.1710 2.1194 2.1319 2.2384
10.5025 2.2349 2.2805 2.2654 2.1653 2.1131 2.1265 2.2349
10.5126 2.2317 2.2786 2.2626 2.1595 2.1067 2.1210 2.2317
10.5226 2.2284 2.2766 2.2598 2.1538 2.1004 2.1156 2.2284
10.5327 2.2252 2.2746 2.2569 2.1480 2.0940 2.1102 2.2252
10.5427 2.2219 2.2727 2.2541 2.1422 2.0877 2.1048 2.2219
10.5528 2.2188 2.2708 2.2514 2.1365 2.0813 2.0993 2.2188
10.5628 2.2159 2.2694 2.2489 2.1306 2.0749 2.0939 2.2159
10.5729 2.2130 2.2680 2.2464 2.1248 2.0685 2.0886 2.2130
10.5829 2.2101 2.2665 2.2439 2.1190 2.0621 2.0832 2.2101
10.5930 2.2072 2.2651 2.2415 2.1131 2.0556 2.0778 2.2072
10.6030 2.2044 2.2638 2.2391 2.1073 2.0492 2.0724 2.2044
10.6131 2.2018 2.2629 2.2370 2.1014 2.0427 2.0671 2.2018
10.6231 2.1993 2.2619 2.2349 2.0955 2.0363 2.0617 2.1993
10.6332 2.1967 2.2610 2.2327 2.0896 2.0298 2.0564 2.1967
10.6432 2.1941 2.2601 2.2306 2.0837 2.0233 2.0511 2.1941
10.6533 2.1917 2.2593 2.2286 2.0778 2.0168 2.0457 2.1917
10.6633 2.1895 2.2589 2.2269 2.0718 2.0103 2.0404 2.1895
10.6734 2.1873 2.2585 2.2251 2.0658 2.0038 2.0351 2.1873
10.6834 2.1850 2.2581 2.2234 2.0599 1.9972 2.0298 2.1850
10.6935 2.1828 2.2577 2.2216 2.0539 1.9907 2.0245 2.1828
10.7035 2.1807 2.2575 2.2200 2.0479 1.9841 2.0193 2.1807
10.7136 2.1789 2.2576 2.2186 2.0419 1.9776 2.0140 2.1789
10.7236 2.1770 2.2577 2.2172 2.0358 1.9710 2.0088 2.1770
10.7337 2.1751 2.2578 2.2158 2.0298 1.9644 2.0035 2.1751
10.7437 2.1732 2.2579 2.2144 2.0237 1.9578 1.9983 2.1732
10.7538 2.1715 2.2582 2.2131 2.0177 1.9512 1.9930 2.1715
10.7638 2.1700 2.2588 2.2121 2.0116 1.9445 1.9878 2.1700
10.7739 2.1685 2.2594 2.2111 2.0054 1.9379 1.9826 2.1685
10.7839 2.1669 2.2601 2.2101 1.9993 1.9312 1.9774 2.1669
10.7940 2.1654 2.2607 2.2090 1.9932 1.9246 1.9722 2.1654
10.8040 2.1645 2.2611 2.2084 1.9896 1.9206 1.9691 2.1645
10.8141 2.1645 2.2611 2.2084 1.9896 1.9206 1.9691 2.1645
10.8241 2.1645 2.2611 2.2084 1.9896 1.9206 1.9691 2.1645
10.8342 2.1645 2.2611 2.2084 1.9896 1.9206 1.9691 2.1645
10.8442 2.1645 2.2611 2.2084 1.9896 1.9206 1.9691 2.1645
10.8543 2.1645 2.2611 2.2084 1.9896 1.9206 1.9691 2.1645
10.8643 2.1645 2.2611 2.2084 1.9896 1.9206 1.9691 2.1645
10.8744 2.1645 2.2611 2.2084 1.9896 1.9206 1.9691 2.1645
10.8844 2.1645 2.2611 2.2084 1.9896 1.9206 1.9691 2.1645
10.8945 2.1645 2.2611 2.2084 1.9896 1.9206 1.9691 2.1645
10.9045 2.1645 2.2611 2.2084 1.9896 1.9206 1.9691 2.1645
10.9146 2.1645 2.2611 2.2084 1.9896 1.9206 1.9691 2.1645
10.9246 2.1645 2.2611 2.2084 1.9896 1.9206 1.9691 2.1645
10.9347 2.1645 2.2611 2.2084 1.9896 1.9206 1.9691 2.1645
10.9447 2.1645 2.2611 2.2084 1.9896 1.9206 1.9691 2.1645
10.9548 2.1645 2.2611 2.2084 1.9896 1.9206 1.9691 2.1645
10.9648 2.1645 2.2611 2.2084 1.9896 1.9206 1.9691 2.1645
10.9749 2.1645 2.2611 2.2084 1.9896 1.9206 1.9691 2.1645
10.9849 2.1645 2.2611 2.2084 1.9896 1.9206 1.9691 2.1645
10.9950 2.1645 2.2611 2.2084 1.9896 1.9206 1.9691 2.1645
11.0050 2.1645 2.2611 2.2084 1.9896 1.9206 1.9691 2.1645
11.0151 2.1645 2.2611 2.2084 1.9896 1.9206 1.9691 2.1645
11.0251 2.1645 2.2611 2.2084 1.9896 1.9206 1.9691 2.1645
11.0352 2.1645 2.2611 2.2084 1.9896 1.9206 1.9691 2.1645
11.0452 2.1645 2.2611 2.2084 1.9896 1.9206 1.9691 2.1645
11.0553 2.1645 2.2611 2.2084 1.9896 1.9206 1.9691 2.1645
11.0653 2.1645 2.2611 2.2084 1.9896 1.9206 1.9691 2.1645
11.0754 2.1645 2.2611 2.2084 1.9896 1.9206 1.9691 2.1645
11.0854 2.1645 2.2611 2.2084 1.9896 1.9206 1.9691 2.1645
11.0955 2.1645 2.2611 2.2084 1.9896 1.9206 1.9691 2.1645
11.1055 2.1645 2.2611 2.2084 1.9896 1.9206 1.9691 2.1645
11.1156 2.1645 2.2611 2.2084 1.9896 1.9206 1.9691 2.1645
11.1256 2.1645 2.2611 2.2084 1.9896 1.9206 1.9691 2.1645
11.1357 2.1645 2.2611 2.2084 1.9896 1.9206 1.9691 2.1645
11.1457 2.1645 2.2611 2.2084 1.9896 1.9206 1.9691 2.1645
11.1558 2.1645 2.2611 2.2084 1.9896 1.9206 1.9691 2.1645
11.1658 2.1645 2.2611 2.2084 1.9896 1.9206 1.9691 2.1645
11.1759 2.1645 2.2611 2.2084 1.9896 1.9206 1.9691 2.1645
11.1859 2.1645 2.2611 2.2084 1.9896 1.9206 1.9691 2.1645
11.1960 2.1645 2.2611 2.2084 1.9896 1.9206 1.9691 2.1645
11.2060 2.1645 2.2611 2.2084 1.9896 1.9206 1.9691 2.1645
11.2161 2.1645 2.2611 2.2084 1.9896 1.9206 1.9691 2.1645
11.2261 2.1645 2.2611 2.2084 1.9896 1.9206 1.9691 2.1645
11.2362 2.1645 2.2611 2.2084 1.9896 1.9206 1.9691 2.1645
11.2462 2.1645 2.2611 2.2084 1.9896 1.9206 1.9691 2.1645
11.2563 2.1645 2.2611 2.2084 1.9896 1.9206 1.9691 2.1645
11.2663 2.1645 2.2611 2.2084 1.9896 1.9206 1.9691 2.1645
11.2764 2.1645 2.2611 2.2084 1.9896 1.9206 1.9691 2.1645
11.2864 2.1645 2.2611 2.2084 1.9896 1.9206 1.9691 2.1645
11.2965 2.1645 2.2611 2.2084 1.9896 1.9206 1.9691 2.1645
11.3065 2.1645 2.2611 2.2084 1.9896 1.9206 1.9691 2.1645
11.3166 2.1645 2.2611 2.2084 1.9896 1.9206 1.9691 2.1645
11.3266 2.1645 2.2611 2.2084 1.9896 1.9206 1.9691 2.1645
11.3367 2.1645 2.2611 2.2084 1.9896 1.9206 1.9691 2.1645
11.3467 2.1645 2.2611 2.2084 1.9896 1.9206 1.9691 2.1645
11.3568 2.1645 2.2611 2.2084 1.9896 1.9206 1.9691 2.1645
11.3668 2.1645 2.2611 2.2084 1.9896 1.9206 1.9691 2.1645
11.3769 2.1645 2.2611 2.2084 1.9896 1.9206 1.9691 2.1645
11.3869 2.1645 2.2611 2.2084 1.9896 1.9206 1.9691 2.1645
11.3970 2.1645 2.2611 2.2084 1.9896 1.9206 1.9691 2.1645
11.4070 2.1645 2.2611 2.2084 1.9896 1.9206 1.9691 2.1645
11.4171 2.1645 2.2611 2.2084 1.9896 1.9206 1.9691 2.1645
11.4271 2.1645 2.2611 2.2084 1.9896 1.9206 1.9691 2.1645
11.4372 2.1645 2.2611 2.2084 1.9896 1.9206 1.9691 2.1645
11.4472 2.1645 2.2611 2.2084 1.9896 1.9206 1.9691 2.1645
11.4573 2.1645 2.2611 2.2084 1.9896 1.9206 1.9691 2.1645
11.4673 2.1645 2.2611 2.2084 1.9896 1.9206 1.9691 2.1645
11.4774 2.1645 2.2611 2.2084 1.9896 1.9206 1.9691 2.1645
11.4874 2.1645 2.2611 2.2084 1.9896 1.9206 1.9691 2.1645
11.4975 2.1645 2.2611 2.2084 1.9896 1.9206 1.9691 2.1645
11.5075 2.1645 2.2611 2.2084 1.9896 1.9206 1.9691 2.1645
11.5176 2.1645 2.2611 2.2084 1.9896 1.9206 1.9691 2.1645
11.5276 2.1645 2.2611 2.2084 1.9896 1.9206 1.9691 2.1645
11.5377 2.1645 2.2611 2.2084 1.9896 1.9206 1.9691 2.1645
11.5477 2.1645 2.2611 2.2084 1.9896 1.9206 1.9691 2.1645
11.5578 2.1645 2.2611 2.2084 1.9896 1.9206 1.9691 2.1645
11.5678 2.1645 2.2611 2.2084 1.9896 1.9206 1.9691 2.1645
11.5779 2.1645 2.2611 2.2084 1.9896 1.9206 1.9691 2.1645
11.5879 2.1645 2.2611 2.2084 1.9896 1.9206 1.9691 2.1645
11.5980 2.1645 2.2611 2.2084 1.9896 1.9206 1.9691 2.1645
11.6080 2.1645 2.2611 2.2084 1.9896 1.9206 1.9691 2.1645
11.6181 2.1645 2.2611 2.2084 1.9896 1.9206 1.9691 2.1645
11.6281 2.1645 2.2611 2.2084 1.9896 1.9206 1.9691 2.1645
11.6382 2.1645 2.2611 2.2084 1.9896 1.9206 1.9691 2.1645
11.6482 2.1645 2.2611 2.2084 1.9896 1.9206 1.9691 2.1645
11.6583 2.1645 2.2611 2.2084 1.9896 1.9206 1.9691 2.1645
11.6683 2.1645 2.2611 2.2084 1.9896 1.9206 1.9691 2.1645
11.6784 2.1645 2.2611 2.2084 1.9896 1.9206 1.9691 2.1645
11.6884 2.1645 2.2611 2.2084 1.9896 1.9206 1.9691 2.1645
11.6985 2.1645 2.2611 2.2084 1.9896 1.9206 1.9691 2.1645
11.7085 2.1645 2.2611 2.2084 1.9896 1.9206 1.9691 2.1645
11.7186 2.1645 2.2611 2.2084 1.9896 1.9206 1.9691 2.1645
11.7286 2.1645 2.2611 2.2084 1.9896 1.9206 1.9691 2.1645
11.7387 2.1645 2.2611 2.2084 1.9896 1.9206 1.9691 2.1645
11.7487 2.1645 2.2611 2.2084 1.9896 1.9206 1.9691 2.1645
11.7588 2.1645 2.2611 2.2084 1.9896 1.9206 1.9691 2.1645
11.7688 2.1645 2.2611 2.2084 1.9896 1.9206 1.9691 2.1645
11.7789 2.1645 2.2611 2.2084 1.9896 1.9206 1.9691 2.1645
11.7889 2.1645 2.2611 2.2084 1.9896 1.9206 1.9691 2.1645
11.7990 2.1645 2.2611 2.2084 1.9896 1.9206 1.9691 2.1645
11.8090 2.1645 2.2611 2.2084 1.9896 1.9206 1.9691 2.1645
11.8191 2.1645 2.2611 2.2084 1.9896 1.9206 1.9691 2.1645
11.8291 2.1645 2.2611 2.2084 1.9896 1.9206 1.9691 2.1645
11.8392 2.1645 2.2611 2.2084 1.9896 1.9206 1.9691 2.1645
11.8492 2.1645 2.2611 2.2084 1.9896 1.9206 1.9691 2.1645
11.8593 2.1645 2.2611 2.2084 1.9896 1.9206 1.9691 2.1645
11.8693 2.1645 2.2611 2.2084 1.9896 1.9206 1.9691 2.1645
11.8794 2.1645 2.2611 2.2084 1.9896 1.9206 1.9691 2.1645
11.8894 2.1645 2.2611 2.2084 1.9896 1.9206 1.9691 2.1645
11.8995 2.1645 2.2611 2.2084 1.9896 1.9206 1.9691 2.1645
11.9095 2.1645 2.2611 2.2084 1.9896 1.9206 1.9691 2.1645
11.9196 2.1645 2.2611 2.2084 1.9896 1.9206 1.9691 2.1645
11.9296 2.1645 2.2611 2.2084 1.9896 1.9206 1.9691 2.1645
11.9397 2.1645 2.2611 2.2084 1.9896 1.9206 1.9691 2.1645
11.9497 2.1645 2.2611 2.2084 1.9896 1.9206 1.9691 2.1645
11.9598 2.1645 2.2611 2.2084 1.9896 1.9206 1.9691 2.1645
11.9698 2.1645 2.2611 2.2084 1.9896 1.9206 1.9691 2.1645
11.9799 2.1645 2.2611 2.2084 1.9896 1.9206 1.9691 2.1645
11.9899 2.1645 2.2611 2.2084 1.9896 1.9206 1.9691 2.1645
12.0000 2.1645 2.2611 2.2084 1.9896 1.9206 1.9691 2.1645
12.0101 2.1645 2.2611 2.2084 1.9896 1.9206 1.9691 2.1645
12.0201 2.1645 2.2611 2.2084 1.9896 1.9206 1.9691 2.1645
12.0302 2.1645 2.2611 2.2084 1.9896 1.9206 1.9691 2.1645
12.0402 2.1645 2.2611 2.2084 1.9896 1.9206 1.9691 2.1645
12.0503 2.1645 2.2611 2.2084 1.9896 1.9206 1.9691 2.1645
